Algorithm: A*
Difficulty: 35             
Colors: 10
Branches: 14
Time Taken: 0.078515s
States Explored: 58
Max Queue Size: 1690
Solution Steps:
1. (0, 6)
2. (1, 7)
3. (1, 12)
4. (13, 1)
5. (2, 13)
6. (4, 13)
7. (3, 10)
8. (5, 9)
9. (2, 5)
10. (3, 2)
11. (6, 2)
12. (4, 6)
13. (0, 4)
14. (6, 0)
15. (9, 2)
16. (1, 3)
17. (10, 1)
18. (12, 10)
19. (5, 12)
20. (4, 9)
21. (8, 13)
22. (8, 9)
23. (11, 4)
24. (11, 2)
25. (7, 4)
26. (7, 12)
27. (0, 5)
28. (1, 8)
29. (3, 6)
30. (4, 7)
31. (10, 11)
32. None