Algorithm: A*
Difficulty: 20             
Colors: 7
Branches: 9
Time Taken: 30.533942s
States Explored: 6245
Max Queue Size: 6244
Solution Steps:
1. (8, 7)
2. (8, 3)
3. (8, 5)
4. (7, 8)
5. (7, 6)
6. (8, 7)
7. (7, 8)
8. (6, 7)
9. (6, 8)
10. (7, 8)
11. (6, 7)
12. (8, 6)
13. (7, 8)
14. (6, 7)
15. (5, 6)
16. (8, 5)
17. (7, 8)
18. (6, 7)
19. (8, 6)
20. (7, 8)
21. (6, 7)
22. (5, 6)
23. (8, 5)
24. (7, 8)
25. (6, 7)
26. (8, 6)
27. (7, 8)
28. (6, 7)
29. (5, 6)
30. (7, 5)
31. (8, 7)
32. (6, 8)
33. (7, 6)
34. (8, 7)
35. (6, 8)
36. (5, 6)
37. (4, 5)
38. (7, 4)
39. (8, 7)
40. (6, 8)
41. (7, 6)
42. (8, 7)
43. (6, 8)
44. (5, 6)
45. (8, 5)
46. (7, 8)
47. (6, 7)
48. (8, 6)
49. (7, 8)
50. (6, 7)
51. (5, 6)
52. (7, 5)
53. (8, 7)
54. (6, 8)
55. (7, 6)
56. (8, 7)
57. (6, 8)
58. (5, 6)
59. (4, 5)
60. (8, 4)
61. (7, 8)
62. (6, 7)
63. (8, 6)
64. (7, 8)
65. (6, 7)
66. (5, 6)
67. (8, 5)
68. (7, 8)
69. (6, 7)
70. (8, 6)
71. (7, 8)
72. (6, 7)
73. (5, 6)
74. (7, 5)
75. (8, 7)
76. (6, 8)
77. (7, 6)
78. (8, 7)
79. (6, 8)
80. (5, 6)
81. (4, 5)
82. (8, 4)
83. (7, 8)
84. (6, 7)
85. (8, 6)
86. (7, 8)
87. (6, 7)
88. (5, 6)
89. (8, 5)
90. (7, 8)
91. (6, 7)
92. (8, 6)
93. (7, 8)
94. (6, 7)
95. (5, 6)
96. (7, 5)
97. (8, 7)
98. (6, 8)
99. (7, 6)
100. (8, 7)
101. (6, 8)
102. (5, 6)
103. (4, 5)
104. (7, 4)
105. (8, 7)
106. (6, 8)
107. (7, 6)
108. (8, 7)
109. (6, 8)
110. (5, 6)
111. (8, 5)
112. (7, 8)
113. (6, 7)
114. (8, 6)
115. (7, 8)
116. (6, 7)
117. (5, 6)
118. (7, 5)
119. (8, 7)
120. (6, 8)
121. (7, 6)
122. (8, 7)
123. (6, 8)
124. (5, 6)
125. (4, 5)
126. (6, 4)
127. (8, 6)
128. (7, 8)
129. (6, 7)
130. (8, 6)
131. (7, 8)
132. (5, 7)
133. (8, 5)
134. (7, 8)
135. (6, 7)
136. (8, 6)
137. (7, 8)
138. (6, 7)
139. (5, 6)
140. (8, 5)
141. (7, 8)
142. (6, 7)
143. (8, 6)
144. (7, 8)
145. (6, 7)
146. (4, 6)
147. (3, 4)
148. (2, 3)
149. (4, 2)
150. (8, 4)
151. (7, 8)
152. (6, 7)
153. (8, 6)
154. (7, 8)
155. (6, 7)
156. (5, 6)
157. (8, 5)
158. (7, 8)
159. (6, 7)
160. (8, 6)
161. (7, 8)
162. (6, 7)
163. (5, 6)
164. (7, 5)
165. (8, 7)
166. (6, 8)
167. (7, 6)
168. (8, 7)
169. (6, 8)
170. (5, 6)
171. (4, 5)
172. (8, 4)
173. (7, 8)
174. (6, 7)
175. (8, 6)
176. (7, 8)
177. (6, 7)
178. (5, 6)
179. (8, 5)
180. (7, 8)
181. (6, 7)
182. (8, 6)
183. (7, 8)
184. (6, 7)
185. (5, 6)
186. (7, 5)
187. (8, 7)
188. (6, 8)
189. (7, 6)
190. (8, 7)
191. (6, 8)
192. (5, 6)
193. (3, 5)
194. (8, 3)
195. (7, 8)
196. (6, 7)
197. (8, 6)
198. (7, 8)
199. (6, 7)
200. (5, 6)
201. (8, 5)
202. (7, 8)
203. (6, 7)
204. (8, 6)
205. (7, 8)
206. (6, 7)
207. (5, 6)
208. (7, 5)
209. (8, 7)
210. (6, 8)
211. (7, 6)
212. (8, 7)
213. (6, 8)
214. (5, 6)
215. (4, 5)
216. (8, 4)
217. (7, 8)
218. (6, 7)
219. (8, 6)
220. (7, 8)
221. (6, 7)
222. (5, 6)
223. (8, 5)
224. (7, 8)
225. (6, 7)
226. (8, 6)
227. (7, 8)
228. (6, 7)
229. (5, 6)
230. (7, 5)
231. (8, 7)
232. (6, 8)
233. (7, 6)
234. (8, 7)
235. (6, 8)
236. (5, 6)
237. (4, 5)
238. (7, 4)
239. (8, 7)
240. (6, 8)
241. (7, 6)
242. (8, 7)
243. (6, 8)
244. (5, 6)
245. (8, 5)
246. (7, 8)
247. (6, 7)
248. (8, 6)
249. (7, 8)
250. (6, 7)
251. (5, 6)
252. (7, 5)
253. (8, 7)
254. (6, 8)
255. (7, 6)
256. (8, 7)
257. (6, 8)
258. (5, 6)
259. (4, 5)
260. (6, 4)
261. (8, 6)
262. (7, 8)
263. (6, 7)
264. (8, 6)
265. (7, 8)
266. (5, 7)
267. (8, 5)
268. (7, 8)
269. (6, 7)
270. (8, 6)
271. (7, 8)
272. (6, 7)
273. (5, 6)
274. (8, 5)
275. (7, 8)
276. (6, 7)
277. (8, 6)
278. (7, 8)
279. (6, 7)
280. (4, 6)
281. (3, 4)
282. (7, 3)
283. (8, 7)
284. (6, 8)
285. (7, 6)
286. (8, 7)
287. (6, 8)
288. (5, 6)
289. (8, 5)
290. (7, 8)
291. (6, 7)
292. (8, 6)
293. (7, 8)
294. (6, 7)
295. (5, 6)
296. (7, 5)
297. (8, 7)
298. (6, 8)
299. (7, 6)
300. (8, 7)
301. (6, 8)
302. (5, 6)
303. (4, 5)
304. (8, 4)
305. (7, 8)
306. (6, 7)
307. (8, 6)
308. (7, 8)
309. (6, 7)
310. (5, 6)
311. (8, 5)
312. (7, 8)
313. (6, 7)
314. (8, 6)
315. (7, 8)
316. (6, 7)
317. (5, 6)
318. (7, 5)
319. (8, 7)
320. (6, 8)
321. (7, 6)
322. (8, 7)
323. (6, 8)
324. (5, 6)
325. (4, 5)
326. (7, 4)
327. (8, 7)
328. (6, 8)
329. (7, 6)
330. (8, 7)
331. (6, 8)
332. (5, 6)
333. (8, 5)
334. (7, 8)
335. (6, 7)
336. (8, 6)
337. (7, 8)
338. (6, 7)
339. (5, 6)
340. (7, 5)
341. (8, 7)
342. (6, 8)
343. (7, 6)
344. (8, 7)
345. (6, 8)
346. (5, 6)
347. (4, 5)
348. (6, 4)
349. (8, 6)
350. (7, 8)
351. (6, 7)
352. (8, 6)
353. (7, 8)
354. (5, 7)
355. (8, 5)
356. (7, 8)
357. (6, 7)
358. (8, 6)
359. (7, 8)
360. (6, 7)
361. (5, 6)
362. (8, 5)
363. (7, 8)
364. (6, 7)
365. (8, 6)
366. (7, 8)
367. (6, 7)
368. (4, 6)
369. (3, 4)
370. (8, 3)
371. (7, 8)
372. (6, 7)
373. (8, 6)
374. (7, 8)
375. (6, 7)
376. (5, 6)
377. (8, 5)
378. (7, 8)
379. (6, 7)
380. (8, 6)
381. (7, 8)
382. (6, 7)
383. (5, 6)
384. (7, 5)
385. (8, 7)
386. (6, 8)
387. (7, 6)
388. (8, 7)
389. (6, 8)
390. (5, 6)
391. (4, 5)
392. (8, 4)
393. (7, 8)
394. (6, 7)
395. (8, 6)
396. (7, 8)
397. (6, 7)
398. (5, 6)
399. (8, 5)
400. (7, 8)
401. (6, 7)
402. (8, 6)
403. (7, 8)
404. (6, 7)
405. (5, 6)
406. (7, 5)
407. (8, 7)
408. (6, 8)
409. (7, 6)
410. (8, 7)
411. (6, 8)
412. (5, 6)
413. (4, 5)
414. (7, 4)
415. (8, 7)
416. (6, 8)
417. (7, 6)
418. (8, 7)
419. (6, 8)
420. (5, 6)
421. (8, 5)
422. (7, 8)
423. (6, 7)
424. (8, 6)
425. (7, 8)
426. (6, 7)
427. (5, 6)
428. (7, 5)
429. (8, 7)
430. (6, 8)
431. (7, 6)
432. (8, 7)
433. (6, 8)
434. (5, 6)
435. (4, 5)
436. (6, 4)
437. (8, 6)
438. (7, 8)
439. (6, 7)
440. (8, 6)
441. (7, 8)
442. (5, 7)
443. (8, 5)
444. (7, 8)
445. (6, 7)
446. (8, 6)
447. (7, 8)
448. (6, 7)
449. (5, 6)
450. (8, 5)
451. (7, 8)
452. (6, 7)
453. (8, 6)
454. (7, 8)
455. (6, 7)
456. (4, 6)
457. (3, 4)
458. (7, 3)
459. (8, 7)
460. (6, 8)
461. (7, 6)
462. (8, 7)
463. (6, 8)
464. (5, 6)
465. (8, 5)
466. (7, 8)
467. (6, 7)
468. (8, 6)
469. (7, 8)
470. (6, 7)
471. (5, 6)
472. (7, 5)
473. (8, 7)
474. (6, 8)
475. (7, 6)
476. (8, 7)
477. (6, 8)
478. (5, 6)
479. (4, 5)
480. (8, 4)
481. (7, 8)
482. (6, 7)
483. (8, 6)
484. (7, 8)
485. (6, 7)
486. (5, 6)
487. (8, 5)
488. (7, 8)
489. (6, 7)
490. (8, 6)
491. (7, 8)
492. (6, 7)
493. (5, 6)
494. (7, 5)
495. (8, 7)
496. (6, 8)
497. (7, 6)
498. (8, 7)
499. (6, 8)
500. (5, 6)
501. (4, 5)
502. (7, 4)
503. (8, 7)
504. (6, 8)
505. (7, 6)
506. (8, 7)
507. (6, 8)
508. (5, 6)
509. (8, 5)
510. (7, 8)
511. (6, 7)
512. (8, 6)
513. (7, 8)
514. (6, 7)
515. (5, 6)
516. (7, 5)
517. (8, 7)
518. (6, 8)
519. (7, 6)
520. (8, 7)
521. (6, 8)
522. (5, 6)
523. (4, 5)
524. (6, 4)
525. (8, 6)
526. (7, 8)
527. (6, 7)
528. (8, 6)
529. (7, 8)
530. (5, 7)
531. (8, 5)
532. (7, 8)
533. (6, 7)
534. (8, 6)
535. (7, 8)
536. (6, 7)
537. (5, 6)
538. (8, 5)
539. (7, 8)
540. (6, 7)
541. (8, 6)
542. (7, 8)
543. (6, 7)
544. (4, 6)
545. (3, 4)
546. (7, 3)
547. (8, 7)
548. (6, 8)
549. (7, 6)
550. (8, 7)
551. (6, 8)
552. (5, 6)
553. (8, 5)
554. (7, 8)
555. (6, 7)
556. (8, 6)
557. (7, 8)
558. (6, 7)
559. (5, 6)
560. (7, 5)
561. (8, 7)
562. (6, 8)
563. (7, 6)
564. (8, 7)
565. (6, 8)
566. (5, 6)
567. (4, 5)
568. (7, 4)
569. (8, 7)
570. (6, 8)
571. (7, 6)
572. (8, 7)
573. (6, 8)
574. (5, 6)
575. (8, 5)
576. (7, 8)
577. (6, 7)
578. (8, 6)
579. (7, 8)
580. (6, 7)
581. (5, 6)
582. (7, 5)
583. (8, 7)
584. (6, 8)
585. (7, 6)
586. (8, 7)
587. (6, 8)
588. (5, 6)
589. (4, 5)
590. (3, 4)
591. (5, 3)
592. (4, 5)
593. (3, 4)
594. (2, 3)
595. (8, 2)
596. (7, 8)
597. (6, 7)
598. (8, 6)
599. (7, 8)
600. (6, 7)
601. (5, 6)
602. (8, 5)
603. (7, 8)
604. (6, 7)
605. (8, 6)
606. (7, 8)
607. (6, 7)
608. (5, 6)
609. (7, 5)
610. (8, 7)
611. (6, 8)
612. (7, 6)
613. (8, 7)
614. (6, 8)
615. (5, 6)
616. (4, 5)
617. (8, 4)
618. (7, 8)
619. (6, 7)
620. (8, 6)
621. (7, 8)
622. (6, 7)
623. (5, 6)
624. (8, 5)
625. (7, 8)
626. (6, 7)
627. (8, 6)
628. (7, 8)
629. (6, 7)
630. (5, 6)
631. (7, 5)
632. (8, 7)
633. (6, 8)
634. (7, 6)
635. (8, 7)
636. (6, 8)
637. (5, 6)
638. (4, 5)
639. (7, 4)
640. (8, 7)
641. (6, 8)
642. (7, 6)
643. (8, 7)
644. (6, 8)
645. (5, 6)
646. (8, 5)
647. (7, 8)
648. (6, 7)
649. (8, 6)
650. (7, 8)
651. (6, 7)
652. (5, 6)
653. (7, 5)
654. (8, 7)
655. (6, 8)
656. (7, 6)
657. (8, 7)
658. (6, 8)
659. (5, 6)
660. (4, 5)
661. (6, 4)
662. (8, 6)
663. (7, 8)
664. (6, 7)
665. (8, 6)
666. (7, 8)
667. (5, 7)
668. (8, 5)
669. (7, 8)
670. (6, 7)
671. (8, 6)
672. (7, 8)
673. (6, 7)
674. (5, 6)
675. (8, 5)
676. (7, 8)
677. (6, 7)
678. (8, 6)
679. (7, 8)
680. (6, 7)
681. (4, 6)
682. (3, 4)
683. (8, 3)
684. (7, 8)
685. (6, 7)
686. (8, 6)
687. (7, 8)
688. (6, 7)
689. (5, 6)
690. (8, 5)
691. (7, 8)
692. (6, 7)
693. (8, 6)
694. (7, 8)
695. (6, 7)
696. (5, 6)
697. (7, 5)
698. (8, 7)
699. (6, 8)
700. (7, 6)
701. (8, 7)
702. (6, 8)
703. (5, 6)
704. (4, 5)
705. (8, 4)
706. (7, 8)
707. (6, 7)
708. (8, 6)
709. (7, 8)
710. (6, 7)
711. (5, 6)
712. (8, 5)
713. (7, 8)
714. (6, 7)
715. (8, 6)
716. (7, 8)
717. (6, 7)
718. (5, 6)
719. (7, 5)
720. (8, 7)
721. (6, 8)
722. (7, 6)
723. (8, 7)
724. (6, 8)
725. (5, 6)
726. (4, 5)
727. (7, 4)
728. (8, 7)
729. (6, 8)
730. (7, 6)
731. (8, 7)
732. (6, 8)
733. (5, 6)
734. (8, 5)
735. (7, 8)
736. (6, 7)
737. (8, 6)
738. (7, 8)
739. (6, 7)
740. (5, 6)
741. (7, 5)
742. (8, 7)
743. (6, 8)
744. (7, 6)
745. (8, 7)
746. (6, 8)
747. (5, 6)
748. (4, 5)
749. (6, 4)
750. (8, 6)
751. (7, 8)
752. (6, 7)
753. (8, 6)
754. (7, 8)
755. (5, 7)
756. (8, 5)
757. (7, 8)
758. (6, 7)
759. (8, 6)
760. (7, 8)
761. (6, 7)
762. (5, 6)
763. (8, 5)
764. (7, 8)
765. (6, 7)
766. (8, 6)
767. (7, 8)
768. (6, 7)
769. (4, 6)
770. (3, 4)
771. (8, 3)
772. (7, 8)
773. (6, 7)
774. (8, 6)
775. (7, 8)
776. (6, 7)
777. (5, 6)
778. (8, 5)
779. (7, 8)
780. (6, 7)
781. (8, 6)
782. (7, 8)
783. (6, 7)
784. (5, 6)
785. (7, 5)
786. (8, 7)
787. (6, 8)
788. (7, 6)
789. (8, 7)
790. (6, 8)
791. (5, 6)
792. (4, 5)
793. (8, 4)
794. (7, 8)
795. (6, 7)
796. (8, 6)
797. (7, 8)
798. (6, 7)
799. (5, 6)
800. (8, 5)
801. (7, 8)
802. (6, 7)
803. (8, 6)
804. (7, 8)
805. (6, 7)
806. (5, 6)
807. (7, 5)
808. (8, 7)
809. (6, 8)
810. (7, 6)
811. (8, 7)
812. (6, 8)
813. (5, 6)
814. (4, 5)
815. (7, 4)
816. (8, 7)
817. (6, 8)
818. (7, 6)
819. (8, 7)
820. (6, 8)
821. (5, 6)
822. (8, 5)
823. (7, 8)
824. (6, 7)
825. (8, 6)
826. (7, 8)
827. (6, 7)
828. (5, 6)
829. (7, 5)
830. (8, 7)
831. (6, 8)
832. (7, 6)
833. (8, 7)
834. (6, 8)
835. (5, 6)
836. (4, 5)
837. (6, 4)
838. (8, 6)
839. (7, 8)
840. (6, 7)
841. (8, 6)
842. (7, 8)
843. (5, 7)
844. (8, 5)
845. (7, 8)
846. (6, 7)
847. (8, 6)
848. (7, 8)
849. (6, 7)
850. (5, 6)
851. (8, 5)
852. (7, 8)
853. (6, 7)
854. (8, 6)
855. (7, 8)
856. (6, 7)
857. (4, 6)
858. (3, 4)
859. (7, 3)
860. (8, 7)
861. (6, 8)
862. (7, 6)
863. (8, 7)
864. (6, 8)
865. (5, 6)
866. (8, 5)
867. (7, 8)
868. (6, 7)
869. (8, 6)
870. (7, 8)
871. (6, 7)
872. (5, 6)
873. (7, 5)
874. (8, 7)
875. (6, 8)
876. (7, 6)
877. (8, 7)
878. (6, 8)
879. (5, 6)
880. (4, 5)
881. (8, 4)
882. (7, 8)
883. (6, 7)
884. (8, 6)
885. (7, 8)
886. (6, 7)
887. (5, 6)
888. (8, 5)
889. (7, 8)
890. (6, 7)
891. (8, 6)
892. (7, 8)
893. (6, 7)
894. (5, 6)
895. (7, 5)
896. (8, 7)
897. (6, 8)
898. (7, 6)
899. (8, 7)
900. (6, 8)
901. (5, 6)
902. (4, 5)
903. (7, 4)
904. (8, 7)
905. (6, 8)
906. (7, 6)
907. (8, 7)
908. (6, 8)
909. (5, 6)
910. (8, 5)
911. (7, 8)
912. (6, 7)
913. (8, 6)
914. (7, 8)
915. (6, 7)
916. (5, 6)
917. (7, 5)
918. (8, 7)
919. (6, 8)
920. (7, 6)
921. (8, 7)
922. (6, 8)
923. (5, 6)
924. (4, 5)
925. (6, 4)
926. (8, 6)
927. (7, 8)
928. (6, 7)
929. (8, 6)
930. (7, 8)
931. (5, 7)
932. (8, 5)
933. (7, 8)
934. (6, 7)
935. (8, 6)
936. (7, 8)
937. (6, 7)
938. (5, 6)
939. (8, 5)
940. (7, 8)
941. (6, 7)
942. (8, 6)
943. (7, 8)
944. (6, 7)
945. (4, 6)
946. (3, 4)
947. (7, 3)
948. (8, 7)
949. (6, 8)
950. (7, 6)
951. (8, 7)
952. (6, 8)
953. (5, 6)
954. (8, 5)
955. (7, 8)
956. (6, 7)
957. (8, 6)
958. (7, 8)
959. (6, 7)
960. (5, 6)
961. (7, 5)
962. (8, 7)
963. (6, 8)
964. (7, 6)
965. (8, 7)
966. (6, 8)
967. (5, 6)
968. (4, 5)
969. (8, 4)
970. (7, 8)
971. (6, 7)
972. (8, 6)
973. (7, 8)
974. (6, 7)
975. (5, 6)
976. (8, 5)
977. (7, 8)
978. (6, 7)
979. (8, 6)
980. (7, 8)
981. (6, 7)
982. (5, 6)
983. (7, 5)
984. (8, 7)
985. (6, 8)
986. (7, 6)
987. (8, 7)
988. (6, 8)
989. (5, 6)
990. (4, 5)
991. (7, 4)
992. (8, 7)
993. (6, 8)
994. (7, 6)
995. (8, 7)
996. (6, 8)
997. (5, 6)
998. (8, 5)
999. (7, 8)
1000. (6, 7)
1001. (8, 6)
1002. (7, 8)
1003. (6, 7)
1004. (5, 6)
1005. (7, 5)
1006. (8, 7)
1007. (6, 8)
1008. (7, 6)
1009. (8, 7)
1010. (6, 8)
1011. (5, 6)
1012. (4, 5)
1013. (6, 4)
1014. (8, 6)
1015. (7, 8)
1016. (6, 7)
1017. (8, 6)
1018. (7, 8)
1019. (5, 7)
1020. (8, 5)
1021. (7, 8)
1022. (6, 7)
1023. (8, 6)
1024. (7, 8)
1025. (6, 7)
1026. (5, 6)
1027. (8, 5)
1028. (7, 8)
1029. (6, 7)
1030. (8, 6)
1031. (7, 8)
1032. (6, 7)
1033. (4, 6)
1034. (3, 4)
1035. (2, 3)
1036. (8, 2)
1037. (7, 8)
1038. (6, 7)
1039. (8, 6)
1040. (7, 8)
1041. (6, 7)
1042. (5, 6)
1043. (8, 5)
1044. (7, 8)
1045. (6, 7)
1046. (8, 6)
1047. (7, 8)
1048. (6, 7)
1049. (5, 6)
1050. (7, 5)
1051. (8, 7)
1052. (6, 8)
1053. (7, 6)
1054. (8, 7)
1055. (6, 8)
1056. (5, 6)
1057. (4, 5)
1058. (8, 4)
1059. (7, 8)
1060. (6, 7)
1061. (8, 6)
1062. (7, 8)
1063. (6, 7)
1064. (5, 6)
1065. (8, 5)
1066. (7, 8)
1067. (6, 7)
1068. (8, 6)
1069. (7, 8)
1070. (6, 7)
1071. (5, 6)
1072. (7, 5)
1073. (8, 7)
1074. (6, 8)
1075. (7, 6)
1076. (8, 7)
1077. (6, 8)
1078. (5, 6)
1079. (4, 5)
1080. (7, 4)
1081. (8, 7)
1082. (6, 8)
1083. (7, 6)
1084. (8, 7)
1085. (6, 8)
1086. (5, 6)
1087. (8, 5)
1088. (7, 8)
1089. (6, 7)
1090. (8, 6)
1091. (7, 8)
1092. (6, 7)
1093. (5, 6)
1094. (7, 5)
1095. (8, 7)
1096. (6, 8)
1097. (7, 6)
1098. (8, 7)
1099. (6, 8)
1100. (5, 6)
1101. (4, 5)
1102. (6, 4)
1103. (8, 6)
1104. (7, 8)
1105. (6, 7)
1106. (8, 6)
1107. (7, 8)
1108. (5, 7)
1109. (8, 5)
1110. (7, 8)
1111. (6, 7)
1112. (8, 6)
1113. (7, 8)
1114. (6, 7)
1115. (5, 6)
1116. (8, 5)
1117. (7, 8)
1118. (6, 7)
1119. (8, 6)
1120. (7, 8)
1121. (6, 7)
1122. (4, 6)
1123. (3, 4)
1124. (8, 3)
1125. (7, 8)
1126. (6, 7)
1127. (8, 6)
1128. (7, 8)
1129. (6, 7)
1130. (5, 6)
1131. (8, 5)
1132. (7, 8)
1133. (6, 7)
1134. (8, 6)
1135. (7, 8)
1136. (6, 7)
1137. (5, 6)
1138. (7, 5)
1139. (8, 7)
1140. (6, 8)
1141. (7, 6)
1142. (8, 7)
1143. (6, 8)
1144. (5, 6)
1145. (4, 5)
1146. (8, 4)
1147. (7, 8)
1148. (6, 7)
1149. (8, 6)
1150. (7, 8)
1151. (6, 7)
1152. (5, 6)
1153. (8, 5)
1154. (7, 8)
1155. (6, 7)
1156. (8, 6)
1157. (7, 8)
1158. (6, 7)
1159. (5, 6)
1160. (7, 5)
1161. (8, 7)
1162. (6, 8)
1163. (7, 6)
1164. (8, 7)
1165. (6, 8)
1166. (5, 6)
1167. (4, 5)
1168. (7, 4)
1169. (8, 7)
1170. (6, 8)
1171. (7, 6)
1172. (8, 7)
1173. (6, 8)
1174. (5, 6)
1175. (8, 5)
1176. (7, 8)
1177. (6, 7)
1178. (8, 6)
1179. (7, 8)
1180. (6, 7)
1181. (5, 6)
1182. (7, 5)
1183. (8, 7)
1184. (6, 8)
1185. (7, 6)
1186. (8, 7)
1187. (6, 8)
1188. (5, 6)
1189. (4, 5)
1190. (6, 4)
1191. (8, 6)
1192. (7, 8)
1193. (6, 7)
1194. (8, 6)
1195. (7, 8)
1196. (5, 7)
1197. (8, 5)
1198. (7, 8)
1199. (6, 7)
1200. (8, 6)
1201. (7, 8)
1202. (6, 7)
1203. (5, 6)
1204. (8, 5)
1205. (7, 8)
1206. (6, 7)
1207. (8, 6)
1208. (7, 8)
1209. (6, 7)
1210. (4, 6)
1211. (3, 4)
1212. (8, 3)
1213. (7, 8)
1214. (6, 7)
1215. (8, 6)
1216. (7, 8)
1217. (6, 7)
1218. (5, 6)
1219. (8, 5)
1220. (7, 8)
1221. (6, 7)
1222. (8, 6)
1223. (7, 8)
1224. (6, 7)
1225. (5, 6)
1226. (7, 5)
1227. (8, 7)
1228. (6, 8)
1229. (7, 6)
1230. (8, 7)
1231. (6, 8)
1232. (5, 6)
1233. (4, 5)
1234. (8, 4)
1235. (7, 8)
1236. (6, 7)
1237. (8, 6)
1238. (7, 8)
1239. (6, 7)
1240. (5, 6)
1241. (8, 5)
1242. (7, 8)
1243. (6, 7)
1244. (8, 6)
1245. (7, 8)
1246. (6, 7)
1247. (5, 6)
1248. (7, 5)
1249. (8, 7)
1250. (6, 8)
1251. (7, 6)
1252. (8, 7)
1253. (6, 8)
1254. (5, 6)
1255. (4, 5)
1256. (7, 4)
1257. (8, 7)
1258. (6, 8)
1259. (7, 6)
1260. (8, 7)
1261. (6, 8)
1262. (5, 6)
1263. (8, 5)
1264. (7, 8)
1265. (6, 7)
1266. (8, 6)
1267. (7, 8)
1268. (6, 7)
1269. (5, 6)
1270. (7, 5)
1271. (8, 7)
1272. (6, 8)
1273. (7, 6)
1274. (8, 7)
1275. (6, 8)
1276. (5, 6)
1277. (4, 5)
1278. (6, 4)
1279. (8, 6)
1280. (7, 8)
1281. (6, 7)
1282. (8, 6)
1283. (7, 8)
1284. (5, 7)
1285. (8, 5)
1286. (7, 8)
1287. (6, 7)
1288. (8, 6)
1289. (7, 8)
1290. (6, 7)
1291. (5, 6)
1292. (8, 5)
1293. (7, 8)
1294. (6, 7)
1295. (8, 6)
1296. (7, 8)
1297. (6, 7)
1298. (4, 6)
1299. (3, 4)
1300. (7, 3)
1301. (8, 7)
1302. (6, 8)
1303. (7, 6)
1304. (8, 7)
1305. (6, 8)
1306. (5, 6)
1307. (8, 5)
1308. (7, 8)
1309. (6, 7)
1310. (8, 6)
1311. (7, 8)
1312. (6, 7)
1313. (5, 6)
1314. (7, 5)
1315. (8, 7)
1316. (6, 8)
1317. (7, 6)
1318. (8, 7)
1319. (6, 8)
1320. (5, 6)
1321. (4, 5)
1322. (8, 4)
1323. (7, 8)
1324. (6, 7)
1325. (8, 6)
1326. (7, 8)
1327. (6, 7)
1328. (5, 6)
1329. (8, 5)
1330. (7, 8)
1331. (6, 7)
1332. (8, 6)
1333. (7, 8)
1334. (6, 7)
1335. (5, 6)
1336. (7, 5)
1337. (8, 7)
1338. (6, 8)
1339. (7, 6)
1340. (8, 7)
1341. (6, 8)
1342. (5, 6)
1343. (4, 5)
1344. (7, 4)
1345. (8, 7)
1346. (6, 8)
1347. (7, 6)
1348. (8, 7)
1349. (6, 8)
1350. (5, 6)
1351. (8, 5)
1352. (7, 8)
1353. (6, 7)
1354. (8, 6)
1355. (7, 8)
1356. (6, 7)
1357. (5, 6)
1358. (7, 5)
1359. (8, 7)
1360. (6, 8)
1361. (7, 6)
1362. (8, 7)
1363. (6, 8)
1364. (5, 6)
1365. (4, 5)
1366. (6, 4)
1367. (8, 6)
1368. (7, 8)
1369. (6, 7)
1370. (8, 6)
1371. (7, 8)
1372. (5, 7)
1373. (8, 5)
1374. (7, 8)
1375. (6, 7)
1376. (8, 6)
1377. (7, 8)
1378. (6, 7)
1379. (5, 6)
1380. (8, 5)
1381. (7, 8)
1382. (6, 7)
1383. (8, 6)
1384. (7, 8)
1385. (6, 7)
1386. (4, 6)
1387. (3, 4)
1388. (7, 3)
1389. (8, 7)
1390. (6, 8)
1391. (7, 6)
1392. (8, 7)
1393. (6, 8)
1394. (5, 6)
1395. (8, 5)
1396. (7, 8)
1397. (6, 7)
1398. (8, 6)
1399. (7, 8)
1400. (6, 7)
1401. (5, 6)
1402. (7, 5)
1403. (8, 7)
1404. (6, 8)
1405. (7, 6)
1406. (8, 7)
1407. (6, 8)
1408. (5, 6)
1409. (4, 5)
1410. (8, 4)
1411. (7, 8)
1412. (6, 7)
1413. (8, 6)
1414. (7, 8)
1415. (6, 7)
1416. (5, 6)
1417. (8, 5)
1418. (7, 8)
1419. (6, 7)
1420. (8, 6)
1421. (7, 8)
1422. (6, 7)
1423. (5, 6)
1424. (7, 5)
1425. (8, 7)
1426. (6, 8)
1427. (7, 6)
1428. (8, 7)
1429. (6, 8)
1430. (5, 6)
1431. (4, 5)
1432. (7, 4)
1433. (8, 7)
1434. (6, 8)
1435. (7, 6)
1436. (8, 7)
1437. (6, 8)
1438. (5, 6)
1439. (8, 5)
1440. (7, 8)
1441. (6, 7)
1442. (8, 6)
1443. (7, 8)
1444. (6, 7)
1445. (5, 6)
1446. (7, 5)
1447. (8, 7)
1448. (6, 8)
1449. (7, 6)
1450. (8, 7)
1451. (6, 8)
1452. (5, 6)
1453. (4, 5)
1454. (6, 4)
1455. (8, 6)
1456. (7, 8)
1457. (6, 7)
1458. (8, 6)
1459. (7, 8)
1460. (5, 7)
1461. (8, 5)
1462. (7, 8)
1463. (6, 7)
1464. (8, 6)
1465. (7, 8)
1466. (6, 7)
1467. (5, 6)
1468. (8, 5)
1469. (7, 8)
1470. (6, 7)
1471. (8, 6)
1472. (7, 8)
1473. (6, 7)
1474. (4, 6)
1475. (3, 4)
1476. (2, 3)
1477. (8, 2)
1478. (7, 8)
1479. (6, 7)
1480. (8, 6)
1481. (7, 8)
1482. (6, 7)
1483. (5, 6)
1484. (8, 5)
1485. (7, 8)
1486. (6, 7)
1487. (8, 6)
1488. (7, 8)
1489. (6, 7)
1490. (5, 6)
1491. (7, 5)
1492. (8, 7)
1493. (6, 8)
1494. (7, 6)
1495. (8, 7)
1496. (6, 8)
1497. (5, 6)
1498. (4, 5)
1499. (8, 4)
1500. (7, 8)
1501. (6, 7)
1502. (8, 6)
1503. (7, 8)
1504. (6, 7)
1505. (5, 6)
1506. (8, 5)
1507. (7, 8)
1508. (6, 7)
1509. (8, 6)
1510. (7, 8)
1511. (6, 7)
1512. (5, 6)
1513. (7, 5)
1514. (8, 7)
1515. (6, 8)
1516. (7, 6)
1517. (8, 7)
1518. (6, 8)
1519. (5, 6)
1520. (4, 5)
1521. (7, 4)
1522. (8, 7)
1523. (6, 8)
1524. (7, 6)
1525. (8, 7)
1526. (6, 8)
1527. (5, 6)
1528. (8, 5)
1529. (7, 8)
1530. (6, 7)
1531. (8, 6)
1532. (7, 8)
1533. (6, 7)
1534. (5, 6)
1535. (7, 5)
1536. (8, 7)
1537. (6, 8)
1538. (7, 6)
1539. (8, 7)
1540. (6, 8)
1541. (5, 6)
1542. (4, 5)
1543. (6, 4)
1544. (8, 6)
1545. (7, 8)
1546. (6, 7)
1547. (8, 6)
1548. (7, 8)
1549. (5, 7)
1550. (8, 5)
1551. (7, 8)
1552. (6, 7)
1553. (8, 6)
1554. (7, 8)
1555. (6, 7)
1556. (5, 6)
1557. (8, 5)
1558. (7, 8)
1559. (6, 7)
1560. (8, 6)
1561. (7, 8)
1562. (6, 7)
1563. (4, 6)
1564. (3, 4)
1565. (8, 3)
1566. (7, 8)
1567. (6, 7)
1568. (8, 6)
1569. (7, 8)
1570. (6, 7)
1571. (5, 6)
1572. (8, 5)
1573. (7, 8)
1574. (6, 7)
1575. (8, 6)
1576. (7, 8)
1577. (6, 7)
1578. (5, 6)
1579. (7, 5)
1580. (8, 7)
1581. (6, 8)
1582. (7, 6)
1583. (8, 7)
1584. (6, 8)
1585. (5, 6)
1586. (4, 5)
1587. (8, 4)
1588. (7, 8)
1589. (6, 7)
1590. (8, 6)
1591. (7, 8)
1592. (6, 7)
1593. (5, 6)
1594. (8, 5)
1595. (7, 8)
1596. (6, 7)
1597. (8, 6)
1598. (7, 8)
1599. (6, 7)
1600. (5, 6)
1601. (7, 5)
1602. (8, 7)
1603. (6, 8)
1604. (7, 6)
1605. (8, 7)
1606. (6, 8)
1607. (5, 6)
1608. (4, 5)
1609. (7, 4)
1610. (8, 7)
1611. (6, 8)
1612. (7, 6)
1613. (8, 7)
1614. (6, 8)
1615. (5, 6)
1616. (8, 5)
1617. (7, 8)
1618. (6, 7)
1619. (8, 6)
1620. (7, 8)
1621. (6, 7)
1622. (5, 6)
1623. (7, 5)
1624. (8, 7)
1625. (6, 8)
1626. (7, 6)
1627. (8, 7)
1628. (6, 8)
1629. (5, 6)
1630. (4, 5)
1631. (6, 4)
1632. (8, 6)
1633. (7, 8)
1634. (6, 7)
1635. (8, 6)
1636. (7, 8)
1637. (5, 7)
1638. (8, 5)
1639. (7, 8)
1640. (6, 7)
1641. (8, 6)
1642. (7, 8)
1643. (6, 7)
1644. (5, 6)
1645. (8, 5)
1646. (7, 8)
1647. (6, 7)
1648. (8, 6)
1649. (7, 8)
1650. (6, 7)
1651. (4, 6)
1652. (3, 4)
1653. (8, 3)
1654. (7, 8)
1655. (6, 7)
1656. (8, 6)
1657. (7, 8)
1658. (6, 7)
1659. (5, 6)
1660. (8, 5)
1661. (7, 8)
1662. (6, 7)
1663. (8, 6)
1664. (7, 8)
1665. (6, 7)
1666. (5, 6)
1667. (7, 5)
1668. (8, 7)
1669. (6, 8)
1670. (7, 6)
1671. (8, 7)
1672. (6, 8)
1673. (5, 6)
1674. (4, 5)
1675. (8, 4)
1676. (7, 8)
1677. (6, 7)
1678. (8, 6)
1679. (7, 8)
1680. (6, 7)
1681. (5, 6)
1682. (8, 5)
1683. (7, 8)
1684. (6, 7)
1685. (8, 6)
1686. (7, 8)
1687. (6, 7)
1688. (5, 6)
1689. (7, 5)
1690. (8, 7)
1691. (6, 8)
1692. (7, 6)
1693. (8, 7)
1694. (6, 8)
1695. (5, 6)
1696. (4, 5)
1697. (7, 4)
1698. (8, 7)
1699. (6, 8)
1700. (7, 6)
1701. (8, 7)
1702. (6, 8)
1703. (5, 6)
1704. (8, 5)
1705. (7, 8)
1706. (6, 7)
1707. (8, 6)
1708. (7, 8)
1709. (6, 7)
1710. (5, 6)
1711. (7, 5)
1712. (8, 7)
1713. (6, 8)
1714. (7, 6)
1715. (8, 7)
1716. (6, 8)
1717. (5, 6)
1718. (4, 5)
1719. (6, 4)
1720. (8, 6)
1721. (7, 8)
1722. (6, 7)
1723. (8, 6)
1724. (7, 8)
1725. (5, 7)
1726. (8, 5)
1727. (7, 8)
1728. (6, 7)
1729. (8, 6)
1730. (7, 8)
1731. (6, 7)
1732. (5, 6)
1733. (8, 5)
1734. (7, 8)
1735. (6, 7)
1736. (8, 6)
1737. (7, 8)
1738. (6, 7)
1739. (4, 6)
1740. (3, 4)
1741. (7, 3)
1742. (8, 7)
1743. (6, 8)
1744. (7, 6)
1745. (8, 7)
1746. (6, 8)
1747. (5, 6)
1748. (8, 5)
1749. (7, 8)
1750. (6, 7)
1751. (8, 6)
1752. (7, 8)
1753. (6, 7)
1754. (5, 6)
1755. (7, 5)
1756. (8, 7)
1757. (6, 8)
1758. (7, 6)
1759. (8, 7)
1760. (6, 8)
1761. (5, 6)
1762. (4, 5)
1763. (8, 4)
1764. (7, 8)
1765. (6, 7)
1766. (8, 6)
1767. (7, 8)
1768. (6, 7)
1769. (5, 6)
1770. (8, 5)
1771. (7, 8)
1772. (6, 7)
1773. (8, 6)
1774. (7, 8)
1775. (6, 7)
1776. (5, 6)
1777. (7, 5)
1778. (8, 7)
1779. (6, 8)
1780. (7, 6)
1781. (8, 7)
1782. (6, 8)
1783. (5, 6)
1784. (4, 5)
1785. (7, 4)
1786. (8, 7)
1787. (6, 8)
1788. (7, 6)
1789. (8, 7)
1790. (6, 8)
1791. (5, 6)
1792. (8, 5)
1793. (7, 8)
1794. (6, 7)
1795. (8, 6)
1796. (7, 8)
1797. (6, 7)
1798. (5, 6)
1799. (7, 5)
1800. (8, 7)
1801. (6, 8)
1802. (7, 6)
1803. (8, 7)
1804. (6, 8)
1805. (5, 6)
1806. (4, 5)
1807. (6, 4)
1808. (8, 6)
1809. (7, 8)
1810. (6, 7)
1811. (8, 6)
1812. (7, 8)
1813. (5, 7)
1814. (8, 5)
1815. (7, 8)
1816. (6, 7)
1817. (8, 6)
1818. (7, 8)
1819. (6, 7)
1820. (5, 6)
1821. (8, 5)
1822. (7, 8)
1823. (6, 7)
1824. (8, 6)
1825. (7, 8)
1826. (6, 7)
1827. (4, 6)
1828. (3, 4)
1829. (7, 3)
1830. (8, 7)
1831. (6, 8)
1832. (7, 6)
1833. (8, 7)
1834. (6, 8)
1835. (5, 6)
1836. (8, 5)
1837. (7, 8)
1838. (6, 7)
1839. (8, 6)
1840. (7, 8)
1841. (6, 7)
1842. (5, 6)
1843. (7, 5)
1844. (8, 7)
1845. (6, 8)
1846. (7, 6)
1847. (8, 7)
1848. (6, 8)
1849. (5, 6)
1850. (4, 5)
1851. (8, 4)
1852. (7, 8)
1853. (6, 7)
1854. (8, 6)
1855. (7, 8)
1856. (6, 7)
1857. (5, 6)
1858. (8, 5)
1859. (7, 8)
1860. (6, 7)
1861. (8, 6)
1862. (7, 8)
1863. (6, 7)
1864. (5, 6)
1865. (7, 5)
1866. (8, 7)
1867. (6, 8)
1868. (7, 6)
1869. (8, 7)
1870. (6, 8)
1871. (5, 6)
1872. (4, 5)
1873. (7, 4)
1874. (8, 7)
1875. (6, 8)
1876. (7, 6)
1877. (8, 7)
1878. (6, 8)
1879. (5, 6)
1880. (8, 5)
1881. (7, 8)
1882. (6, 7)
1883. (8, 6)
1884. (7, 8)
1885. (6, 7)
1886. (5, 6)
1887. (7, 5)
1888. (8, 7)
1889. (6, 8)
1890. (7, 6)
1891. (8, 7)
1892. (6, 8)
1893. (5, 6)
1894. (4, 5)
1895. (6, 4)
1896. (8, 6)
1897. (7, 8)
1898. (6, 7)
1899. (8, 6)
1900. (7, 8)
1901. (5, 7)
1902. (8, 5)
1903. (7, 8)
1904. (6, 7)
1905. (8, 6)
1906. (7, 8)
1907. (6, 7)
1908. (5, 6)
1909. (8, 5)
1910. (7, 8)
1911. (6, 7)
1912. (8, 6)
1913. (7, 8)
1914. (6, 7)
1915. (4, 6)
1916. (3, 4)
1917. (2, 3)
1918. (8, 2)
1919. (7, 8)
1920. (6, 7)
1921. (8, 6)
1922. (7, 8)
1923. (6, 7)
1924. (5, 6)
1925. (8, 5)
1926. (7, 8)
1927. (6, 7)
1928. (8, 6)
1929. (7, 8)
1930. (6, 7)
1931. (5, 6)
1932. (7, 5)
1933. (8, 7)
1934. (6, 8)
1935. (7, 6)
1936. (8, 7)
1937. (6, 8)
1938. (5, 6)
1939. (4, 5)
1940. (8, 4)
1941. (7, 8)
1942. (6, 7)
1943. (8, 6)
1944. (7, 8)
1945. (6, 7)
1946. (5, 6)
1947. (8, 5)
1948. (7, 8)
1949. (6, 7)
1950. (8, 6)
1951. (7, 8)
1952. (6, 7)
1953. (5, 6)
1954. (7, 5)
1955. (8, 7)
1956. (6, 8)
1957. (7, 6)
1958. (8, 7)
1959. (6, 8)
1960. (5, 6)
1961. (4, 5)
1962. (7, 4)
1963. (8, 7)
1964. (6, 8)
1965. (7, 6)
1966. (8, 7)
1967. (6, 8)
1968. (5, 6)
1969. (8, 5)
1970. (7, 8)
1971. (6, 7)
1972. (8, 6)
1973. (7, 8)
1974. (6, 7)
1975. (5, 6)
1976. (7, 5)
1977. (8, 7)
1978. (6, 8)
1979. (7, 6)
1980. (8, 7)
1981. (6, 8)
1982. (5, 6)
1983. (4, 5)
1984. (6, 4)
1985. (8, 6)
1986. (7, 8)
1987. (6, 7)
1988. (8, 6)
1989. (7, 8)
1990. (5, 7)
1991. (8, 5)
1992. (7, 8)
1993. (6, 7)
1994. (8, 6)
1995. (7, 8)
1996. (6, 7)
1997. (5, 6)
1998. (8, 5)
1999. (7, 8)
2000. (6, 7)
2001. (8, 6)
2002. (7, 8)
2003. (6, 7)
2004. (4, 6)
2005. (3, 4)
2006. (8, 3)
2007. (7, 8)
2008. (6, 7)
2009. (8, 6)
2010. (7, 8)
2011. (6, 7)
2012. (5, 6)
2013. (8, 5)
2014. (7, 8)
2015. (6, 7)
2016. (8, 6)
2017. (7, 8)
2018. (6, 7)
2019. (5, 6)
2020. (7, 5)
2021. (8, 7)
2022. (6, 8)
2023. (7, 6)
2024. (8, 7)
2025. (6, 8)
2026. (5, 6)
2027. (4, 5)
2028. (8, 4)
2029. (7, 8)
2030. (6, 7)
2031. (8, 6)
2032. (7, 8)
2033. (6, 7)
2034. (5, 6)
2035. (8, 5)
2036. (7, 8)
2037. (6, 7)
2038. (8, 6)
2039. (7, 8)
2040. (6, 7)
2041. (5, 6)
2042. (7, 5)
2043. (8, 7)
2044. (6, 8)
2045. (7, 6)
2046. (8, 7)
2047. (6, 8)
2048. (5, 6)
2049. (4, 5)
2050. (7, 4)
2051. (8, 7)
2052. (6, 8)
2053. (7, 6)
2054. (8, 7)
2055. (6, 8)
2056. (5, 6)
2057. (8, 5)
2058. (7, 8)
2059. (6, 7)
2060. (8, 6)
2061. (7, 8)
2062. (6, 7)
2063. (5, 6)
2064. (7, 5)
2065. (8, 7)
2066. (6, 8)
2067. (7, 6)
2068. (8, 7)
2069. (6, 8)
2070. (5, 6)
2071. (4, 5)
2072. (6, 4)
2073. (8, 6)
2074. (7, 8)
2075. (6, 7)
2076. (8, 6)
2077. (7, 8)
2078. (5, 7)
2079. (8, 5)
2080. (7, 8)
2081. (6, 7)
2082. (8, 6)
2083. (7, 8)
2084. (6, 7)
2085. (5, 6)
2086. (8, 5)
2087. (7, 8)
2088. (6, 7)
2089. (8, 6)
2090. (7, 8)
2091. (6, 7)
2092. (4, 6)
2093. (3, 4)
2094. (8, 3)
2095. (7, 8)
2096. (6, 7)
2097. (8, 6)
2098. (7, 8)
2099. (6, 7)
2100. (5, 6)
2101. (8, 5)
2102. (7, 8)
2103. (6, 7)
2104. (8, 6)
2105. (7, 8)
2106. (6, 7)
2107. (5, 6)
2108. (7, 5)
2109. (8, 7)
2110. (6, 8)
2111. (7, 6)
2112. (8, 7)
2113. (6, 8)
2114. (5, 6)
2115. (4, 5)
2116. (8, 4)
2117. (7, 8)
2118. (6, 7)
2119. (8, 6)
2120. (7, 8)
2121. (6, 7)
2122. (5, 6)
2123. (8, 5)
2124. (7, 8)
2125. (6, 7)
2126. (8, 6)
2127. (7, 8)
2128. (6, 7)
2129. (5, 6)
2130. (7, 5)
2131. (8, 7)
2132. (6, 8)
2133. (7, 6)
2134. (8, 7)
2135. (6, 8)
2136. (5, 6)
2137. (4, 5)
2138. (7, 4)
2139. (8, 7)
2140. (6, 8)
2141. (7, 6)
2142. (8, 7)
2143. (6, 8)
2144. (5, 6)
2145. (8, 5)
2146. (7, 8)
2147. (6, 7)
2148. (8, 6)
2149. (7, 8)
2150. (6, 7)
2151. (5, 6)
2152. (7, 5)
2153. (8, 7)
2154. (6, 8)
2155. (7, 6)
2156. (8, 7)
2157. (6, 8)
2158. (5, 6)
2159. (4, 5)
2160. (6, 4)
2161. (8, 6)
2162. (7, 8)
2163. (6, 7)
2164. (8, 6)
2165. (7, 8)
2166. (5, 7)
2167. (8, 5)
2168. (7, 8)
2169. (6, 7)
2170. (8, 6)
2171. (7, 8)
2172. (6, 7)
2173. (5, 6)
2174. (8, 5)
2175. (7, 8)
2176. (6, 7)
2177. (8, 6)
2178. (7, 8)
2179. (6, 7)
2180. (4, 6)
2181. (3, 4)
2182. (7, 3)
2183. (8, 7)
2184. (6, 8)
2185. (7, 6)
2186. (8, 7)
2187. (6, 8)
2188. (5, 6)
2189. (8, 5)
2190. (7, 8)
2191. (6, 7)
2192. (8, 6)
2193. (7, 8)
2194. (6, 7)
2195. (5, 6)
2196. (7, 5)
2197. (8, 7)
2198. (6, 8)
2199. (7, 6)
2200. (8, 7)
2201. (6, 8)
2202. (5, 6)
2203. (4, 5)
2204. (8, 4)
2205. (7, 8)
2206. (6, 7)
2207. (8, 6)
2208. (7, 8)
2209. (6, 7)
2210. (5, 6)
2211. (8, 5)
2212. (7, 8)
2213. (6, 7)
2214. (8, 6)
2215. (7, 8)
2216. (6, 7)
2217. (5, 6)
2218. (7, 5)
2219. (8, 7)
2220. (6, 8)
2221. (7, 6)
2222. (8, 7)
2223. (6, 8)
2224. (5, 6)
2225. (4, 5)
2226. (7, 4)
2227. (8, 7)
2228. (6, 8)
2229. (7, 6)
2230. (8, 7)
2231. (6, 8)
2232. (5, 6)
2233. (8, 5)
2234. (7, 8)
2235. (6, 7)
2236. (8, 6)
2237. (7, 8)
2238. (6, 7)
2239. (5, 6)
2240. (7, 5)
2241. (8, 7)
2242. (6, 8)
2243. (7, 6)
2244. (8, 7)
2245. (6, 8)
2246. (5, 6)
2247. (4, 5)
2248. (6, 4)
2249. (8, 6)
2250. (7, 8)
2251. (6, 7)
2252. (8, 6)
2253. (7, 8)
2254. (5, 7)
2255. (8, 5)
2256. (7, 8)
2257. (6, 7)
2258. (8, 6)
2259. (7, 8)
2260. (6, 7)
2261. (5, 6)
2262. (8, 5)
2263. (7, 8)
2264. (6, 7)
2265. (8, 6)
2266. (7, 8)
2267. (6, 7)
2268. (4, 6)
2269. (3, 4)
2270. (7, 3)
2271. (8, 7)
2272. (6, 8)
2273. (7, 6)
2274. (8, 7)
2275. (6, 8)
2276. (5, 6)
2277. (8, 5)
2278. (7, 8)
2279. (6, 7)
2280. (8, 6)
2281. (7, 8)
2282. (6, 7)
2283. (5, 6)
2284. (7, 5)
2285. (8, 7)
2286. (6, 8)
2287. (7, 6)
2288. (8, 7)
2289. (6, 8)
2290. (5, 6)
2291. (4, 5)
2292. (8, 4)
2293. (7, 8)
2294. (6, 7)
2295. (8, 6)
2296. (7, 8)
2297. (6, 7)
2298. (5, 6)
2299. (8, 5)
2300. (7, 8)
2301. (6, 7)
2302. (8, 6)
2303. (7, 8)
2304. (6, 7)
2305. (5, 6)
2306. (7, 5)
2307. (8, 7)
2308. (6, 8)
2309. (7, 6)
2310. (8, 7)
2311. (6, 8)
2312. (5, 6)
2313. (4, 5)
2314. (7, 4)
2315. (8, 7)
2316. (6, 8)
2317. (7, 6)
2318. (8, 7)
2319. (6, 8)
2320. (5, 6)
2321. (8, 5)
2322. (7, 8)
2323. (6, 7)
2324. (8, 6)
2325. (7, 8)
2326. (6, 7)
2327. (5, 6)
2328. (7, 5)
2329. (8, 7)
2330. (6, 8)
2331. (7, 6)
2332. (8, 7)
2333. (6, 8)
2334. (5, 6)
2335. (4, 5)
2336. (6, 4)
2337. (8, 6)
2338. (7, 8)
2339. (6, 7)
2340. (8, 6)
2341. (7, 8)
2342. (5, 7)
2343. (8, 5)
2344. (7, 8)
2345. (6, 7)
2346. (8, 6)
2347. (7, 8)
2348. (6, 7)
2349. (5, 6)
2350. (8, 5)
2351. (7, 8)
2352. (6, 7)
2353. (8, 6)
2354. (7, 8)
2355. (6, 7)
2356. (4, 6)
2357. (3, 4)
2358. (2, 3)
2359. (8, 2)
2360. (7, 8)
2361. (6, 7)
2362. (8, 6)
2363. (7, 8)
2364. (6, 7)
2365. (5, 6)
2366. (8, 5)
2367. (7, 8)
2368. (6, 7)
2369. (8, 6)
2370. (7, 8)
2371. (6, 7)
2372. (5, 6)
2373. (7, 5)
2374. (8, 7)
2375. (6, 8)
2376. (7, 6)
2377. (8, 7)
2378. (6, 8)
2379. (5, 6)
2380. (4, 5)
2381. (8, 4)
2382. (7, 8)
2383. (6, 7)
2384. (8, 6)
2385. (7, 8)
2386. (6, 7)
2387. (5, 6)
2388. (8, 5)
2389. (7, 8)
2390. (6, 7)
2391. (8, 6)
2392. (7, 8)
2393. (6, 7)
2394. (5, 6)
2395. (7, 5)
2396. (8, 7)
2397. (6, 8)
2398. (7, 6)
2399. (8, 7)
2400. (6, 8)
2401. (5, 6)
2402. (4, 5)
2403. (7, 4)
2404. (8, 7)
2405. (6, 8)
2406. (7, 6)
2407. (8, 7)
2408. (6, 8)
2409. (5, 6)
2410. (8, 5)
2411. (7, 8)
2412. (6, 7)
2413. (8, 6)
2414. (7, 8)
2415. (6, 7)
2416. (5, 6)
2417. (7, 5)
2418. (8, 7)
2419. (6, 8)
2420. (7, 6)
2421. (8, 7)
2422. (6, 8)
2423. (5, 6)
2424. (4, 5)
2425. (6, 4)
2426. (8, 6)
2427. (7, 8)
2428. (6, 7)
2429. (8, 6)
2430. (7, 8)
2431. (5, 7)
2432. (8, 5)
2433. (7, 8)
2434. (6, 7)
2435. (8, 6)
2436. (7, 8)
2437. (6, 7)
2438. (5, 6)
2439. (8, 5)
2440. (7, 8)
2441. (6, 7)
2442. (8, 6)
2443. (7, 8)
2444. (6, 7)
2445. (4, 6)
2446. (3, 4)
2447. (8, 3)
2448. (7, 8)
2449. (6, 7)
2450. (8, 6)
2451. (7, 8)
2452. (6, 7)
2453. (5, 6)
2454. (8, 5)
2455. (7, 8)
2456. (6, 7)
2457. (8, 6)
2458. (7, 8)
2459. (6, 7)
2460. (5, 6)
2461. (7, 5)
2462. (8, 7)
2463. (6, 8)
2464. (7, 6)
2465. (8, 7)
2466. (6, 8)
2467. (5, 6)
2468. (4, 5)
2469. (8, 4)
2470. (7, 8)
2471. (6, 7)
2472. (8, 6)
2473. (7, 8)
2474. (6, 7)
2475. (5, 6)
2476. (8, 5)
2477. (7, 8)
2478. (6, 7)
2479. (8, 6)
2480. (7, 8)
2481. (6, 7)
2482. (5, 6)
2483. (7, 5)
2484. (8, 7)
2485. (6, 8)
2486. (7, 6)
2487. (8, 7)
2488. (6, 8)
2489. (5, 6)
2490. (4, 5)
2491. (7, 4)
2492. (8, 7)
2493. (6, 8)
2494. (7, 6)
2495. (8, 7)
2496. (6, 8)
2497. (5, 6)
2498. (8, 5)
2499. (7, 8)
2500. (6, 7)
2501. (8, 6)
2502. (7, 8)
2503. (6, 7)
2504. (5, 6)
2505. (7, 5)
2506. (8, 7)
2507. (6, 8)
2508. (7, 6)
2509. (8, 7)
2510. (6, 8)
2511. (5, 6)
2512. (4, 5)
2513. (6, 4)
2514. (8, 6)
2515. (7, 8)
2516. (6, 7)
2517. (8, 6)
2518. (7, 8)
2519. (5, 7)
2520. (8, 5)
2521. (7, 8)
2522. (6, 7)
2523. (8, 6)
2524. (7, 8)
2525. (6, 7)
2526. (5, 6)
2527. (8, 5)
2528. (7, 8)
2529. (6, 7)
2530. (8, 6)
2531. (7, 8)
2532. (6, 7)
2533. (4, 6)
2534. (3, 4)
2535. (8, 3)
2536. (7, 8)
2537. (6, 7)
2538. (8, 6)
2539. (7, 8)
2540. (6, 7)
2541. (5, 6)
2542. (8, 5)
2543. (7, 8)
2544. (6, 7)
2545. (8, 6)
2546. (7, 8)
2547. (6, 7)
2548. (5, 6)
2549. (7, 5)
2550. (8, 7)
2551. (6, 8)
2552. (7, 6)
2553. (8, 7)
2554. (6, 8)
2555. (5, 6)
2556. (4, 5)
2557. (8, 4)
2558. (7, 8)
2559. (6, 7)
2560. (8, 6)
2561. (7, 8)
2562. (6, 7)
2563. (5, 6)
2564. (8, 5)
2565. (7, 8)
2566. (6, 7)
2567. (8, 6)
2568. (7, 8)
2569. (6, 7)
2570. (5, 6)
2571. (7, 5)
2572. (8, 7)
2573. (6, 8)
2574. (7, 6)
2575. (8, 7)
2576. (6, 8)
2577. (5, 6)
2578. (4, 5)
2579. (7, 4)
2580. (8, 7)
2581. (6, 8)
2582. (7, 6)
2583. (8, 7)
2584. (6, 8)
2585. (5, 6)
2586. (8, 5)
2587. (7, 8)
2588. (6, 7)
2589. (8, 6)
2590. (7, 8)
2591. (6, 7)
2592. (5, 6)
2593. (7, 5)
2594. (8, 7)
2595. (6, 8)
2596. (7, 6)
2597. (8, 7)
2598. (6, 8)
2599. (5, 6)
2600. (4, 5)
2601. (6, 4)
2602. (8, 6)
2603. (7, 8)
2604. (6, 7)
2605. (8, 6)
2606. (7, 8)
2607. (5, 7)
2608. (8, 5)
2609. (7, 8)
2610. (6, 7)
2611. (8, 6)
2612. (7, 8)
2613. (6, 7)
2614. (5, 6)
2615. (8, 5)
2616. (7, 8)
2617. (6, 7)
2618. (8, 6)
2619. (7, 8)
2620. (6, 7)
2621. (4, 6)
2622. (3, 4)
2623. (7, 3)
2624. (8, 7)
2625. (6, 8)
2626. (7, 6)
2627. (8, 7)
2628. (6, 8)
2629. (5, 6)
2630. (8, 5)
2631. (7, 8)
2632. (6, 7)
2633. (8, 6)
2634. (7, 8)
2635. (6, 7)
2636. (5, 6)
2637. (7, 5)
2638. (8, 7)
2639. (6, 8)
2640. (7, 6)
2641. (8, 7)
2642. (6, 8)
2643. (5, 6)
2644. (4, 5)
2645. (8, 4)
2646. (7, 8)
2647. (6, 7)
2648. (8, 6)
2649. (7, 8)
2650. (6, 7)
2651. (5, 6)
2652. (8, 5)
2653. (7, 8)
2654. (6, 7)
2655. (8, 6)
2656. (7, 8)
2657. (6, 7)
2658. (5, 6)
2659. (7, 5)
2660. (8, 7)
2661. (6, 8)
2662. (7, 6)
2663. (8, 7)
2664. (6, 8)
2665. (5, 6)
2666. (4, 5)
2667. (7, 4)
2668. (8, 7)
2669. (6, 8)
2670. (7, 6)
2671. (8, 7)
2672. (6, 8)
2673. (5, 6)
2674. (8, 5)
2675. (7, 8)
2676. (6, 7)
2677. (8, 6)
2678. (7, 8)
2679. (6, 7)
2680. (5, 6)
2681. (7, 5)
2682. (8, 7)
2683. (6, 8)
2684. (7, 6)
2685. (8, 7)
2686. (6, 8)
2687. (5, 6)
2688. (4, 5)
2689. (6, 4)
2690. (8, 6)
2691. (7, 8)
2692. (6, 7)
2693. (8, 6)
2694. (7, 8)
2695. (5, 7)
2696. (8, 5)
2697. (7, 8)
2698. (6, 7)
2699. (8, 6)
2700. (7, 8)
2701. (6, 7)
2702. (5, 6)
2703. (8, 5)
2704. (7, 8)
2705. (6, 7)
2706. (8, 6)
2707. (7, 8)
2708. (6, 7)
2709. (4, 6)
2710. (3, 4)
2711. (7, 3)
2712. (8, 7)
2713. (6, 8)
2714. (7, 6)
2715. (8, 7)
2716. (6, 8)
2717. (5, 6)
2718. (8, 5)
2719. (7, 8)
2720. (6, 7)
2721. (8, 6)
2722. (7, 8)
2723. (6, 7)
2724. (5, 6)
2725. (7, 5)
2726. (8, 7)
2727. (6, 8)
2728. (7, 6)
2729. (8, 7)
2730. (6, 8)
2731. (5, 6)
2732. (4, 5)
2733. (8, 4)
2734. (7, 8)
2735. (6, 7)
2736. (8, 6)
2737. (7, 8)
2738. (6, 7)
2739. (5, 6)
2740. (8, 5)
2741. (7, 8)
2742. (6, 7)
2743. (8, 6)
2744. (7, 8)
2745. (6, 7)
2746. (5, 6)
2747. (7, 5)
2748. (8, 7)
2749. (6, 8)
2750. (7, 6)
2751. (8, 7)
2752. (6, 8)
2753. (5, 6)
2754. (4, 5)
2755. (7, 4)
2756. (8, 7)
2757. (6, 8)
2758. (7, 6)
2759. (8, 7)
2760. (6, 8)
2761. (5, 6)
2762. (8, 5)
2763. (7, 8)
2764. (6, 7)
2765. (8, 6)
2766. (7, 8)
2767. (6, 7)
2768. (5, 6)
2769. (7, 5)
2770. (8, 7)
2771. (6, 8)
2772. (7, 6)
2773. (8, 7)
2774. (6, 8)
2775. (5, 6)
2776. (4, 5)
2777. (6, 4)
2778. (8, 6)
2779. (7, 8)
2780. (6, 7)
2781. (8, 6)
2782. (7, 8)
2783. (5, 7)
2784. (8, 5)
2785. (7, 8)
2786. (6, 7)
2787. (8, 6)
2788. (7, 8)
2789. (6, 7)
2790. (5, 6)
2791. (8, 5)
2792. (7, 8)
2793. (6, 7)
2794. (8, 6)
2795. (7, 8)
2796. (6, 7)
2797. (4, 6)
2798. (3, 4)
2799. (2, 3)
2800. (8, 2)
2801. (7, 8)
2802. (6, 7)
2803. (8, 6)
2804. (7, 8)
2805. (6, 7)
2806. (5, 6)
2807. (8, 5)
2808. (7, 8)
2809. (6, 7)
2810. (8, 6)
2811. (7, 8)
2812. (6, 7)
2813. (5, 6)
2814. (7, 5)
2815. (8, 7)
2816. (6, 8)
2817. (7, 6)
2818. (8, 7)
2819. (6, 8)
2820. (5, 6)
2821. (4, 5)
2822. (8, 4)
2823. (7, 8)
2824. (6, 7)
2825. (8, 6)
2826. (7, 8)
2827. (6, 7)
2828. (5, 6)
2829. (8, 5)
2830. (7, 8)
2831. (6, 7)
2832. (8, 6)
2833. (7, 8)
2834. (6, 7)
2835. (5, 6)
2836. (7, 5)
2837. (8, 7)
2838. (6, 8)
2839. (7, 6)
2840. (8, 7)
2841. (6, 8)
2842. (5, 6)
2843. (4, 5)
2844. (7, 4)
2845. (8, 7)
2846. (6, 8)
2847. (7, 6)
2848. (8, 7)
2849. (6, 8)
2850. (5, 6)
2851. (8, 5)
2852. (7, 8)
2853. (6, 7)
2854. (8, 6)
2855. (7, 8)
2856. (6, 7)
2857. (5, 6)
2858. (7, 5)
2859. (8, 7)
2860. (6, 8)
2861. (7, 6)
2862. (8, 7)
2863. (6, 8)
2864. (5, 6)
2865. (4, 5)
2866. (6, 4)
2867. (8, 6)
2868. (7, 8)
2869. (6, 7)
2870. (8, 6)
2871. (7, 8)
2872. (5, 7)
2873. (8, 5)
2874. (7, 8)
2875. (6, 7)
2876. (8, 6)
2877. (7, 8)
2878. (6, 7)
2879. (5, 6)
2880. (8, 5)
2881. (7, 8)
2882. (6, 7)
2883. (8, 6)
2884. (7, 8)
2885. (6, 7)
2886. (4, 6)
2887. (3, 4)
2888. (8, 3)
2889. (7, 8)
2890. (6, 7)
2891. (8, 6)
2892. (7, 8)
2893. (6, 7)
2894. (5, 6)
2895. (8, 5)
2896. (7, 8)
2897. (6, 7)
2898. (8, 6)
2899. (7, 8)
2900. (6, 7)
2901. (5, 6)
2902. (7, 5)
2903. (8, 7)
2904. (6, 8)
2905. (7, 6)
2906. (8, 7)
2907. (6, 8)
2908. (5, 6)
2909. (4, 5)
2910. (8, 4)
2911. (7, 8)
2912. (6, 7)
2913. (8, 6)
2914. (7, 8)
2915. (6, 7)
2916. (5, 6)
2917. (8, 5)
2918. (7, 8)
2919. (6, 7)
2920. (8, 6)
2921. (7, 8)
2922. (6, 7)
2923. (5, 6)
2924. (7, 5)
2925. (8, 7)
2926. (6, 8)
2927. (7, 6)
2928. (8, 7)
2929. (6, 8)
2930. (5, 6)
2931. (4, 5)
2932. (7, 4)
2933. (8, 7)
2934. (6, 8)
2935. (7, 6)
2936. (8, 7)
2937. (6, 8)
2938. (5, 6)
2939. (8, 5)
2940. (7, 8)
2941. (6, 7)
2942. (8, 6)
2943. (7, 8)
2944. (6, 7)
2945. (5, 6)
2946. (7, 5)
2947. (8, 7)
2948. (6, 8)
2949. (7, 6)
2950. (8, 7)
2951. (6, 8)
2952. (5, 6)
2953. (4, 5)
2954. (6, 4)
2955. (8, 6)
2956. (7, 8)
2957. (6, 7)
2958. (8, 6)
2959. (7, 8)
2960. (5, 7)
2961. (8, 5)
2962. (7, 8)
2963. (6, 7)
2964. (8, 6)
2965. (7, 8)
2966. (6, 7)
2967. (5, 6)
2968. (8, 5)
2969. (7, 8)
2970. (6, 7)
2971. (8, 6)
2972. (7, 8)
2973. (6, 7)
2974. (4, 6)
2975. (3, 4)
2976. (8, 3)
2977. (7, 8)
2978. (6, 7)
2979. (8, 6)
2980. (7, 8)
2981. (6, 7)
2982. (5, 6)
2983. (8, 5)
2984. (7, 8)
2985. (6, 7)
2986. (8, 6)
2987. (7, 8)
2988. (6, 7)
2989. (5, 6)
2990. (7, 5)
2991. (8, 7)
2992. (6, 8)
2993. (7, 6)
2994. (8, 7)
2995. (6, 8)
2996. (5, 6)
2997. (4, 5)
2998. (8, 4)
2999. (7, 8)
3000. (6, 7)
3001. (8, 6)
3002. (7, 8)
3003. (6, 7)
3004. (5, 6)
3005. (8, 5)
3006. (7, 8)
3007. (6, 7)
3008. (8, 6)
3009. (7, 8)
3010. (6, 7)
3011. (5, 6)
3012. (7, 5)
3013. (8, 7)
3014. (6, 8)
3015. (7, 6)
3016. (8, 7)
3017. (6, 8)
3018. (5, 6)
3019. (4, 5)
3020. (7, 4)
3021. (8, 7)
3022. (6, 8)
3023. (7, 6)
3024. (8, 7)
3025. (6, 8)
3026. (5, 6)
3027. (8, 5)
3028. (7, 8)
3029. (6, 7)
3030. (8, 6)
3031. (7, 8)
3032. (6, 7)
3033. (5, 6)
3034. (7, 5)
3035. (8, 7)
3036. (6, 8)
3037. (7, 6)
3038. (8, 7)
3039. (6, 8)
3040. (5, 6)
3041. (4, 5)
3042. (6, 4)
3043. (8, 6)
3044. (7, 8)
3045. (6, 7)
3046. (8, 6)
3047. (7, 8)
3048. (5, 7)
3049. (8, 5)
3050. (7, 8)
3051. (6, 7)
3052. (8, 6)
3053. (7, 8)
3054. (6, 7)
3055. (5, 6)
3056. (8, 5)
3057. (7, 8)
3058. (6, 7)
3059. (8, 6)
3060. (7, 8)
3061. (6, 7)
3062. (4, 6)
3063. (3, 4)
3064. (7, 3)
3065. (8, 7)
3066. (6, 8)
3067. (7, 6)
3068. (8, 7)
3069. (6, 8)
3070. (5, 6)
3071. (8, 5)
3072. (7, 8)
3073. (6, 7)
3074. (8, 6)
3075. (7, 8)
3076. (6, 7)
3077. (5, 6)
3078. (7, 5)
3079. (8, 7)
3080. (6, 8)
3081. (7, 6)
3082. (8, 7)
3083. (6, 8)
3084. (5, 6)
3085. (4, 5)
3086. (8, 4)
3087. (7, 8)
3088. (6, 7)
3089. (8, 6)
3090. (7, 8)
3091. (6, 7)
3092. (5, 6)
3093. (8, 5)
3094. (7, 8)
3095. (6, 7)
3096. (8, 6)
3097. (7, 8)
3098. (6, 7)
3099. (5, 6)
3100. (7, 5)
3101. (8, 7)
3102. (6, 8)
3103. (7, 6)
3104. (8, 7)
3105. (6, 8)
3106. (5, 6)
3107. (4, 5)
3108. (7, 4)
3109. (8, 7)
3110. (6, 8)
3111. (7, 6)
3112. (8, 7)
3113. (6, 8)
3114. (5, 6)
3115. (8, 5)
3116. (7, 8)
3117. (6, 7)
3118. (8, 6)
3119. (7, 8)
3120. (6, 7)
3121. (5, 6)
3122. (7, 5)
3123. (8, 7)
3124. (6, 8)
3125. (7, 6)
3126. (8, 7)
3127. (6, 8)
3128. (5, 6)
3129. (4, 5)
3130. (6, 4)
3131. (8, 6)
3132. (7, 8)
3133. (6, 7)
3134. (8, 6)
3135. (7, 8)
3136. (5, 7)
3137. (8, 5)
3138. (7, 8)
3139. (6, 7)
3140. (8, 6)
3141. (7, 8)
3142. (6, 7)
3143. (5, 6)
3144. (8, 5)
3145. (7, 8)
3146. (6, 7)
3147. (8, 6)
3148. (7, 8)
3149. (6, 7)
3150. (4, 6)
3151. (3, 4)
3152. (7, 3)
3153. (8, 7)
3154. (6, 8)
3155. (7, 6)
3156. (8, 7)
3157. (6, 8)
3158. (5, 6)
3159. (8, 5)
3160. (7, 8)
3161. (6, 7)
3162. (8, 6)
3163. (7, 8)
3164. (6, 7)
3165. (5, 6)
3166. (7, 5)
3167. (8, 7)
3168. (6, 8)
3169. (7, 6)
3170. (8, 7)
3171. (6, 8)
3172. (5, 6)
3173. (4, 5)
3174. (8, 4)
3175. (7, 8)
3176. (6, 7)
3177. (8, 6)
3178. (7, 8)
3179. (6, 7)
3180. (5, 6)
3181. (8, 5)
3182. (7, 8)
3183. (6, 7)
3184. (8, 6)
3185. (7, 8)
3186. (6, 7)
3187. (5, 6)
3188. (7, 5)
3189. (8, 7)
3190. (6, 8)
3191. (7, 6)
3192. (8, 7)
3193. (6, 8)
3194. (5, 6)
3195. (4, 5)
3196. (7, 4)
3197. (8, 7)
3198. (6, 8)
3199. (7, 6)
3200. (8, 7)
3201. (6, 8)
3202. (5, 6)
3203. (8, 5)
3204. (7, 8)
3205. (6, 7)
3206. (8, 6)
3207. (7, 8)
3208. (6, 7)
3209. (5, 6)
3210. (7, 5)
3211. (8, 7)
3212. (6, 8)
3213. (7, 6)
3214. (8, 7)
3215. (6, 8)
3216. (5, 6)
3217. (4, 5)
3218. (6, 4)
3219. (8, 6)
3220. (7, 8)
3221. (6, 7)
3222. (8, 6)
3223. (7, 8)
3224. (5, 7)
3225. (8, 5)
3226. (7, 8)
3227. (6, 7)
3228. (8, 6)
3229. (7, 8)
3230. (6, 7)
3231. (5, 6)
3232. (8, 5)
3233. (7, 8)
3234. (6, 7)
3235. (8, 6)
3236. (7, 8)
3237. (6, 7)
3238. (4, 6)
3239. (3, 4)
3240. (2, 3)
3241. (5, 2)
3242. (4, 5)
3243. (3, 4)
3244. (2, 3)
3245. (5, 2)
3246. (4, 5)
3247. (3, 4)
3248. (5, 3)
3249. (4, 5)
3250. (3, 4)
3251. (2, 3)
3252. (1, 6)
3253. (8, 6)
3254. (7, 8)
3255. (8, 2)
3256. (6, 8)
3257. (8, 7)
3258. (5, 8)
3259. (8, 6)
3260. (7, 8)
3261. (8, 5)
3262. (6, 8)
3263. (8, 7)
3264. (5, 8)
3265. (8, 6)
3266. (7, 8)
3267. (4, 7)
3268. (8, 5)
3269. (7, 8)
3270. (6, 7)
3271. (8, 6)
3272. (7, 8)
3273. (8, 4)
3274. (6, 8)
3275. (8, 7)
3276. (5, 8)
3277. (8, 6)
3278. (7, 8)
3279. (8, 5)
3280. (6, 8)
3281. (8, 7)
3282. (5, 8)
3283. (8, 6)
3284. (7, 8)
3285. (4, 7)
3286. (8, 4)
3287. (7, 8)
3288. (8, 5)
3289. (6, 8)
3290. (8, 7)
3291. (5, 8)
3292. (8, 6)
3293. (7, 8)
3294. (8, 5)
3295. (6, 8)
3296. (8, 7)
3297. (5, 8)
3298. (4, 6)
3299. (8, 5)
3300. (7, 8)
3301. (6, 7)
3302. (8, 6)
3303. (7, 8)
3304. (6, 7)
3305. (3, 6)
3306. (8, 4)
3307. (7, 8)
3308. (8, 3)
3309. (6, 8)
3310. (8, 7)
3311. (5, 8)
3312. (8, 6)
3313. (7, 8)
3314. (8, 5)
3315. (6, 8)
3316. (8, 7)
3317. (5, 8)
3318. (8, 6)
3319. (7, 8)
3320. (4, 7)
3321. (8, 5)
3322. (7, 8)
3323. (6, 7)
3324. (8, 6)
3325. (7, 8)
3326. (8, 4)
3327. (6, 8)
3328. (8, 7)
3329. (5, 8)
3330. (8, 6)
3331. (7, 8)
3332. (8, 5)
3333. (6, 8)
3334. (8, 7)
3335. (5, 8)
3336. (8, 6)
3337. (7, 8)
3338. (4, 7)
3339. (8, 4)
3340. (7, 8)
3341. (8, 5)
3342. (6, 8)
3343. (8, 7)
3344. (5, 8)
3345. (8, 6)
3346. (7, 8)
3347. (8, 5)
3348. (6, 8)
3349. (8, 7)
3350. (5, 8)
3351. (4, 6)
3352. (8, 5)
3353. (7, 8)
3354. (6, 7)
3355. (8, 6)
3356. (7, 8)
3357. (6, 7)
3358. (3, 6)
3359. (8, 4)
3360. (7, 8)
3361. (6, 7)
3362. (8, 6)
3363. (7, 8)
3364. (6, 7)
3365. (5, 6)
3366. (8, 5)
3367. (7, 8)
3368. (6, 7)
3369. (8, 6)
3370. (7, 8)
3371. (8, 3)
3372. (6, 8)
3373. (8, 7)
3374. (5, 8)
3375. (8, 6)
3376. (7, 8)
3377. (8, 5)
3378. (6, 8)
3379. (8, 7)
3380. (5, 8)
3381. (8, 6)
3382. (7, 8)
3383. (4, 7)
3384. (8, 5)
3385. (7, 8)
3386. (6, 7)
3387. (8, 6)
3388. (7, 8)
3389. (8, 4)
3390. (6, 8)
3391. (8, 7)
3392. (5, 8)
3393. (8, 6)
3394. (7, 8)
3395. (8, 5)
3396. (6, 8)
3397. (8, 7)
3398. (5, 8)
3399. (8, 6)
3400. (7, 8)
3401. (4, 7)
3402. (8, 4)
3403. (7, 8)
3404. (8, 5)
3405. (6, 8)
3406. (8, 7)
3407. (5, 8)
3408. (8, 6)
3409. (7, 8)
3410. (8, 5)
3411. (6, 8)
3412. (8, 7)
3413. (5, 8)
3414. (4, 6)
3415. (8, 5)
3416. (7, 8)
3417. (6, 7)
3418. (8, 6)
3419. (7, 8)
3420. (6, 7)
3421. (3, 6)
3422. (8, 4)
3423. (7, 8)
3424. (6, 7)
3425. (8, 6)
3426. (7, 8)
3427. (6, 7)
3428. (5, 6)
3429. (8, 5)
3430. (7, 8)
3431. (6, 7)
3432. (8, 6)
3433. (7, 8)
3434. (8, 3)
3435. (6, 8)
3436. (8, 7)
3437. (5, 8)
3438. (8, 6)
3439. (7, 8)
3440. (8, 5)
3441. (6, 8)
3442. (8, 7)
3443. (5, 8)
3444. (8, 6)
3445. (7, 8)
3446. (4, 7)
3447. (8, 5)
3448. (7, 8)
3449. (6, 7)
3450. (8, 6)
3451. (7, 8)
3452. (8, 4)
3453. (6, 8)
3454. (8, 7)
3455. (5, 8)
3456. (8, 6)
3457. (7, 8)
3458. (8, 5)
3459. (6, 8)
3460. (8, 7)
3461. (5, 8)
3462. (8, 6)
3463. (7, 8)
3464. (4, 7)
3465. (8, 4)
3466. (7, 8)
3467. (8, 5)
3468. (6, 8)
3469. (8, 7)
3470. (5, 8)
3471. (8, 6)
3472. (7, 8)
3473. (8, 5)
3474. (6, 8)
3475. (8, 7)
3476. (5, 8)
3477. (4, 6)
3478. (8, 5)
3479. (7, 8)
3480. (6, 7)
3481. (8, 6)
3482. (7, 8)
3483. (6, 7)
3484. (3, 6)
3485. (8, 4)
3486. (7, 8)
3487. (6, 7)
3488. (8, 6)
3489. (7, 8)
3490. (6, 7)
3491. (5, 6)
3492. (8, 5)
3493. (7, 8)
3494. (6, 7)
3495. (5, 6)
3496. (8, 5)
3497. (7, 8)
3498. (6, 7)
3499. (8, 6)
3500. (7, 8)
3501. (6, 7)
3502. (5, 6)
3503. (4, 5)
3504. (6, 4)
3505. (8, 6)
3506. (7, 8)
3507. (6, 7)
3508. (8, 6)
3509. (7, 8)
3510. (5, 7)
3511. (8, 5)
3512. (7, 8)
3513. (6, 7)
3514. (8, 6)
3515. (7, 8)
3516. (6, 7)
3517. (5, 6)
3518. (8, 5)
3519. (7, 8)
3520. (6, 7)
3521. (8, 6)
3522. (7, 8)
3523. (6, 7)
3524. (4, 6)
3525. (6, 3)
3526. (8, 6)
3527. (7, 8)
3528. (6, 7)
3529. (8, 6)
3530. (7, 8)
3531. (3, 7)
3532. (5, 4)
3533. (7, 5)
3534. (8, 7)
3535. (6, 8)
3536. (7, 6)
3537. (8, 7)
3538. (6, 8)
3539. (5, 6)
3540. (2, 5)
3541. (8, 3)
3542. (7, 8)
3543. (8, 2)
3544. (6, 8)
3545. (8, 7)
3546. (5, 8)
3547. (8, 6)
3548. (7, 8)
3549. (8, 5)
3550. (6, 8)
3551. (8, 7)
3552. (7, 1)
3553. (5, 8)
3554. (8, 7)
3555. (7, 6)
3556. (4, 8)
3557. (8, 7)
3558. (7, 5)
3559. (6, 8)
3560. (8, 7)
3561. (7, 4)
3562. (5, 8)
3563. (8, 7)
3564. (7, 6)
3565. (4, 8)
3566. (8, 7)
3567. (7, 5)
3568. (6, 8)
3569. (8, 7)
3570. (5, 8)
3571. (3, 6)
3572. (8, 5)
3573. (7, 8)
3574. (8, 4)
3575. (6, 8)
3576. (8, 7)
3577. (5, 8)
3578. (8, 6)
3579. (7, 8)
3580. (8, 5)
3581. (6, 8)
3582. (8, 7)
3583. (7, 3)
3584. (5, 8)
3585. (8, 7)
3586. (7, 6)
3587. (4, 8)
3588. (8, 7)
3589. (7, 5)
3590. (6, 8)
3591. (8, 7)
3592. (7, 4)
3593. (5, 8)
3594. (8, 7)
3595. (7, 6)
3596. (4, 8)
3597. (8, 7)
3598. (7, 5)
3599. (6, 8)
3600. (8, 7)
3601. (5, 8)
3602. (3, 6)
3603. (8, 5)
3604. (7, 8)
3605. (8, 3)
3606. (6, 8)
3607. (8, 7)
3608. (7, 4)
3609. (5, 8)
3610. (8, 7)
3611. (7, 6)
3612. (4, 8)
3613. (8, 7)
3614. (7, 5)
3615. (6, 8)
3616. (8, 7)
3617. (7, 4)
3618. (5, 8)
3619. (8, 7)
3620. (7, 6)
3621. (4, 8)
3622. (8, 7)
3623. (6, 8)
3624. (3, 6)
3625. (8, 5)
3626. (7, 8)
3627. (8, 4)
3628. (6, 8)
3629. (8, 7)
3630. (5, 8)
3631. (8, 6)
3632. (7, 8)
3633. (8, 5)
3634. (6, 8)
3635. (8, 7)
3636. (5, 8)
3637. (8, 6)
3638. (7, 8)
3639. (4, 5)
3640. (8, 7)
3641. (7, 4)
3642. (6, 8)
3643. (8, 7)
3644. (5, 8)
3645. (8, 6)
3646. (7, 8)
3647. (8, 5)
3648. (6, 8)
3649. (8, 7)
3650. (5, 8)
3651. (8, 6)
3652. (7, 8)
3653. (4, 7)
3654. (6, 5)
3655. (8, 6)
3656. (7, 8)
3657. (6, 7)
3658. (8, 6)
3659. (7, 8)
3660. (2, 7)
3661. (8, 4)
3662. (7, 8)
3663. (8, 3)
3664. (6, 8)
3665. (8, 7)
3666. (7, 2)
3667. (5, 8)
3668. (8, 7)
3669. (7, 6)
3670. (4, 8)
3671. (8, 7)
3672. (7, 5)
3673. (6, 8)
3674. (8, 7)
3675. (7, 4)
3676. (5, 8)
3677. (8, 7)
3678. (7, 6)
3679. (4, 8)
3680. (8, 7)
3681. (7, 5)
3682. (6, 8)
3683. (8, 7)
3684. (5, 8)
3685. (3, 6)
3686. (8, 5)
3687. (7, 8)
3688. (8, 4)
3689. (6, 8)
3690. (8, 7)
3691. (5, 8)
3692. (8, 6)
3693. (7, 8)
3694. (8, 5)
3695. (6, 8)
3696. (8, 7)
3697. (7, 3)
3698. (5, 8)
3699. (8, 7)
3700. (7, 6)
3701. (4, 8)
3702. (8, 7)
3703. (7, 5)
3704. (6, 8)
3705. (8, 7)
3706. (7, 4)
3707. (5, 8)
3708. (8, 7)
3709. (7, 6)
3710. (4, 8)
3711. (8, 7)
3712. (7, 5)
3713. (6, 8)
3714. (8, 7)
3715. (5, 8)
3716. (3, 6)
3717. (8, 5)
3718. (7, 8)
3719. (8, 3)
3720. (6, 8)
3721. (8, 7)
3722. (7, 4)
3723. (5, 8)
3724. (8, 7)
3725. (7, 6)
3726. (4, 8)
3727. (8, 7)
3728. (7, 5)
3729. (6, 8)
3730. (8, 7)
3731. (7, 4)
3732. (5, 8)
3733. (8, 7)
3734. (7, 6)
3735. (4, 8)
3736. (8, 7)
3737. (6, 8)
3738. (3, 6)
3739. (8, 5)
3740. (7, 8)
3741. (8, 4)
3742. (6, 8)
3743. (8, 7)
3744. (5, 8)
3745. (8, 6)
3746. (7, 8)
3747. (8, 5)
3748. (6, 8)
3749. (8, 7)
3750. (5, 8)
3751. (8, 6)
3752. (7, 8)
3753. (4, 5)
3754. (8, 7)
3755. (7, 4)
3756. (6, 8)
3757. (8, 7)
3758. (5, 8)
3759. (8, 6)
3760. (7, 8)
3761. (8, 5)
3762. (6, 8)
3763. (8, 7)
3764. (5, 8)
3765. (8, 6)
3766. (7, 8)
3767. (4, 7)
3768. (6, 5)
3769. (8, 6)
3770. (7, 8)
3771. (6, 7)
3772. (8, 6)
3773. (7, 8)
3774. (2, 7)
3775. (8, 4)
3776. (7, 8)
3777. (8, 3)
3778. (6, 8)
3779. (8, 7)
3780. (7, 2)
3781. (5, 8)
3782. (8, 7)
3783. (7, 6)
3784. (4, 8)
3785. (8, 7)
3786. (7, 5)
3787. (6, 8)
3788. (8, 7)
3789. (7, 4)
3790. (5, 8)
3791. (8, 7)
3792. (7, 6)
3793. (4, 8)
3794. (8, 7)
3795. (7, 5)
3796. (6, 8)
3797. (8, 7)
3798. (5, 8)
3799. (3, 6)
3800. (8, 5)
3801. (7, 8)
3802. (8, 4)
3803. (6, 8)
3804. (8, 7)
3805. (5, 8)
3806. (8, 6)
3807. (7, 8)
3808. (8, 5)
3809. (6, 8)
3810. (8, 7)
3811. (7, 3)
3812. (5, 8)
3813. (8, 7)
3814. (7, 6)
3815. (4, 8)
3816. (8, 7)
3817. (7, 5)
3818. (6, 8)
3819. (8, 7)
3820. (7, 4)
3821. (5, 8)
3822. (8, 7)
3823. (7, 6)
3824. (4, 8)
3825. (8, 7)
3826. (7, 5)
3827. (6, 8)
3828. (8, 7)
3829. (5, 8)
3830. (3, 6)
3831. (8, 5)
3832. (7, 8)
3833. (8, 3)
3834. (6, 8)
3835. (8, 7)
3836. (7, 4)
3837. (5, 8)
3838. (8, 7)
3839. (7, 6)
3840. (4, 8)
3841. (8, 7)
3842. (7, 5)
3843. (6, 8)
3844. (8, 7)
3845. (7, 4)
3846. (5, 8)
3847. (8, 7)
3848. (7, 6)
3849. (4, 8)
3850. (8, 7)
3851. (6, 8)
3852. (3, 6)
3853. (8, 5)
3854. (7, 8)
3855. (8, 4)
3856. (6, 8)
3857. (8, 7)
3858. (5, 8)
3859. (8, 6)
3860. (7, 8)
3861. (8, 5)
3862. (6, 8)
3863. (8, 7)
3864. (5, 8)
3865. (8, 6)
3866. (7, 8)
3867. (4, 5)
3868. (8, 7)
3869. (7, 4)
3870. (6, 8)
3871. (8, 7)
3872. (5, 8)
3873. (8, 6)
3874. (7, 8)
3875. (8, 5)
3876. (6, 8)
3877. (8, 7)
3878. (5, 8)
3879. (8, 6)
3880. (7, 8)
3881. (4, 7)
3882. (6, 5)
3883. (8, 6)
3884. (7, 8)
3885. (6, 7)
3886. (8, 6)
3887. (7, 8)
3888. (2, 7)
3889. (8, 4)
3890. (7, 8)
3891. (8, 3)
3892. (6, 8)
3893. (8, 7)
3894. (7, 2)
3895. (5, 8)
3896. (8, 7)
3897. (7, 6)
3898. (4, 8)
3899. (8, 7)
3900. (7, 5)
3901. (6, 8)
3902. (8, 7)
3903. (7, 4)
3904. (5, 8)
3905. (8, 7)
3906. (7, 6)
3907. (4, 8)
3908. (8, 7)
3909. (7, 5)
3910. (6, 8)
3911. (8, 7)
3912. (5, 8)
3913. (3, 6)
3914. (8, 5)
3915. (7, 8)
3916. (8, 4)
3917. (6, 8)
3918. (8, 7)
3919. (5, 8)
3920. (8, 6)
3921. (7, 8)
3922. (8, 5)
3923. (6, 8)
3924. (8, 7)
3925. (7, 3)
3926. (5, 8)
3927. (8, 7)
3928. (7, 6)
3929. (4, 8)
3930. (8, 7)
3931. (7, 5)
3932. (6, 8)
3933. (8, 7)
3934. (7, 4)
3935. (5, 8)
3936. (8, 7)
3937. (7, 6)
3938. (4, 8)
3939. (8, 7)
3940. (7, 5)
3941. (6, 8)
3942. (8, 7)
3943. (5, 8)
3944. (3, 6)
3945. (8, 5)
3946. (7, 8)
3947. (8, 3)
3948. (6, 8)
3949. (8, 7)
3950. (7, 4)
3951. (5, 8)
3952. (8, 7)
3953. (7, 6)
3954. (4, 8)
3955. (8, 7)
3956. (7, 5)
3957. (6, 8)
3958. (8, 7)
3959. (7, 4)
3960. (5, 8)
3961. (8, 7)
3962. (7, 6)
3963. (4, 8)
3964. (8, 7)
3965. (6, 8)
3966. (3, 6)
3967. (8, 5)
3968. (7, 8)
3969. (8, 4)
3970. (6, 8)
3971. (8, 7)
3972. (5, 8)
3973. (8, 6)
3974. (7, 8)
3975. (8, 5)
3976. (6, 8)
3977. (8, 7)
3978. (5, 8)
3979. (8, 6)
3980. (7, 8)
3981. (4, 5)
3982. (8, 7)
3983. (7, 4)
3984. (6, 8)
3985. (8, 7)
3986. (5, 8)
3987. (8, 6)
3988. (7, 8)
3989. (8, 5)
3990. (6, 8)
3991. (8, 7)
3992. (5, 8)
3993. (8, 6)
3994. (7, 8)
3995. (4, 7)
3996. (6, 5)
3997. (8, 6)
3998. (7, 8)
3999. (6, 7)
4000. (8, 6)
4001. (7, 8)
4002. (2, 7)
4003. (8, 4)
4004. (7, 8)
4005. (8, 3)
4006. (6, 8)
4007. (8, 7)
4008. (5, 8)
4009. (8, 6)
4010. (7, 8)
4011. (8, 5)
4012. (6, 8)
4013. (8, 7)
4014. (5, 8)
4015. (8, 6)
4016. (7, 8)
4017. (4, 7)
4018. (8, 5)
4019. (7, 8)
4020. (6, 7)
4021. (8, 6)
4022. (7, 8)
4023. (8, 4)
4024. (6, 8)
4025. (8, 7)
4026. (5, 8)
4027. (8, 6)
4028. (7, 8)
4029. (8, 5)
4030. (6, 8)
4031. (8, 7)
4032. (5, 8)
4033. (8, 6)
4034. (7, 8)
4035. (4, 7)
4036. (8, 4)
4037. (7, 8)
4038. (8, 5)
4039. (6, 8)
4040. (8, 7)
4041. (5, 8)
4042. (8, 6)
4043. (7, 8)
4044. (8, 5)
4045. (6, 8)
4046. (8, 7)
4047. (5, 8)
4048. (4, 6)
4049. (8, 5)
4050. (7, 8)
4051. (6, 7)
4052. (8, 6)
4053. (7, 8)
4054. (6, 7)
4055. (3, 6)
4056. (8, 4)
4057. (7, 8)
4058. (8, 3)
4059. (6, 8)
4060. (8, 7)
4061. (5, 8)
4062. (8, 6)
4063. (7, 8)
4064. (8, 5)
4065. (6, 8)
4066. (8, 7)
4067. (5, 8)
4068. (8, 6)
4069. (7, 8)
4070. (4, 7)
4071. (8, 5)
4072. (7, 8)
4073. (6, 7)
4074. (8, 6)
4075. (7, 8)
4076. (6, 7)
4077. (5, 6)
4078. (8, 5)
4079. (7, 8)
4080. (6, 7)
4081. (8, 6)
4082. (7, 8)
4083. (8, 4)
4084. (6, 8)
4085. (8, 7)
4086. (5, 8)
4087. (8, 6)
4088. (7, 8)
4089. (8, 5)
4090. (6, 8)
4091. (8, 7)
4092. (5, 8)
4093. (8, 6)
4094. (7, 8)
4095. (4, 7)
4096. (8, 4)
4097. (7, 8)
4098. (6, 7)
4099. (8, 6)
4100. (7, 8)
4101. (8, 5)
4102. (6, 8)
4103. (8, 7)
4104. (5, 8)
4105. (4, 6)
4106. (8, 5)
4107. (7, 8)
4108. (6, 7)
4109. (8, 6)
4110. (7, 8)
4111. (6, 7)
4112. (5, 2)
4113. (3, 6)
4114. (8, 4)
4115. (7, 8)
4116. (2, 7)
4117. (8, 5)
4118. (7, 8)
4119. (8, 3)
4120. (6, 8)
4121. (8, 7)
4122. (5, 8)
4123. (8, 6)
4124. (7, 8)
4125. (8, 5)
4126. (6, 8)
4127. (8, 7)
4128. (5, 8)
4129. (8, 6)
4130. (7, 8)
4131. (4, 7)
4132. (8, 5)
4133. (7, 8)
4134. (6, 7)
4135. (8, 6)
4136. (7, 8)
4137. (8, 4)
4138. (6, 8)
4139. (8, 7)
4140. (5, 8)
4141. (8, 6)
4142. (7, 8)
4143. (6, 7)
4144. (8, 6)
4145. (7, 8)
4146. (4, 7)
4147. (8, 4)
4148. (7, 8)
4149. (8, 5)
4150. (6, 8)
4151. (8, 7)
4152. (5, 8)
4153. (8, 6)
4154. (7, 8)
4155. (8, 5)
4156. (6, 8)
4157. (8, 7)
4158. (5, 8)
4159. (4, 6)
4160. (8, 5)
4161. (7, 8)
4162. (6, 7)
4163. (8, 6)
4164. (7, 8)
4165. (6, 7)
4166. (5, 2)
4167. (3, 4)
4168. (8, 6)
4169. (7, 8)
4170. (2, 7)
4171. (8, 5)
4172. (7, 8)
4173. (6, 7)
4174. (5, 6)
4175. (8, 5)
4176. (7, 8)
4177. (8, 3)
4178. (6, 8)
4179. (8, 7)
4180. (5, 8)
4181. (8, 6)
4182. (7, 8)
4183. (6, 7)
4184. (8, 6)
4185. (7, 8)
4186. (4, 7)
4187. (8, 5)
4188. (7, 8)
4189. (6, 7)
4190. (8, 6)
4191. (7, 8)
4192. (8, 4)
4193. (6, 8)
4194. (8, 7)
4195. (5, 8)
4196. (8, 6)
4197. (7, 8)
4198. (8, 5)
4199. (6, 8)
4200. (8, 7)
4201. (5, 8)
4202. (8, 6)
4203. (7, 8)
4204. (4, 7)
4205. (8, 4)
4206. (7, 8)
4207. (8, 5)
4208. (6, 8)
4209. (8, 7)
4210. (5, 8)
4211. (8, 6)
4212. (7, 8)
4213. (8, 5)
4214. (6, 8)
4215. (8, 7)
4216. (5, 8)
4217. (4, 6)
4218. (8, 5)
4219. (7, 8)
4220. (6, 7)
4221. (8, 6)
4222. (7, 8)
4223. (6, 7)
4224. (5, 2)
4225. (3, 6)
4226. (6, 5)
4227. (2, 4)
4228. (7, 6)
4229. (8, 7)
4230. (6, 8)
4231. (4, 6)
4232. (8, 4)
4233. (7, 8)
4234. (6, 7)
4235. (8, 6)
4236. (7, 8)
4237. (6, 7)
4238. (5, 6)
4239. (8, 5)
4240. (7, 8)
4241. (6, 7)
4242. (8, 6)
4243. (7, 8)
4244. (6, 7)
4245. (5, 6)
4246. (8, 2)
4247. (7, 8)
4248. (2, 7)
4249. (8, 5)
4250. (7, 8)
4251. (6, 7)
4252. (5, 6)
4253. (4, 5)
4254. (8, 4)
4255. (7, 8)
4256. (6, 7)
4257. (8, 6)
4258. (7, 8)
4259. (6, 7)
4260. (5, 6)
4261. (8, 5)
4262. (7, 8)
4263. (6, 7)
4264. (8, 6)
4265. (7, 8)
4266. (6, 7)
4267. (5, 6)
4268. (8, 2)
4269. (7, 8)
4270. (2, 7)
4271. (8, 5)
4272. (7, 8)
4273. (6, 7)
4274. (5, 6)
4275. (4, 3)
4276. (8, 5)
4277. (7, 8)
4278. (6, 7)
4279. (8, 6)
4280. (7, 8)
4281. (6, 7)
4282. (5, 6)
4283. (3, 5)
4284. (5, 4)
4285. (1, 5)
4286. (8, 3)
4287. (7, 8)
4288. (8, 2)
4289. (6, 8)
4290. (8, 7)
4291. (5, 8)
4292. (8, 6)
4293. (7, 8)
4294. (8, 5)
4295. (6, 8)
4296. (8, 7)
4297. (5, 8)
4298. (8, 6)
4299. (7, 8)
4300. (4, 7)
4301. (8, 5)
4302. (7, 8)
4303. (8, 1)
4304. (6, 8)
4305. (8, 7)
4306. (7, 4)
4307. (5, 8)
4308. (8, 7)
4309. (7, 6)
4310. (6, 1)
4311. (4, 8)
4312. (8, 7)
4313. (7, 6)
4314. (6, 5)
4315. (3, 8)
4316. (8, 7)
4317. (7, 6)
4318. (6, 4)
4319. (5, 8)
4320. (8, 7)
4321. (7, 6)
4322. (6, 3)
4323. (4, 8)
4324. (8, 7)
4325. (7, 6)
4326. (6, 5)
4327. (3, 8)
4328. (8, 7)
4329. (7, 6)
4330. (6, 4)
4331. (5, 8)
4332. (8, 7)
4333. (7, 6)
4334. (4, 8)
4335. (8, 7)
4336. (6, 8)
4337. (7, 6)
4338. (8, 7)
4339. (6, 8)
4340. (2, 6)
4341. (8, 5)
4342. (7, 8)
4343. (8, 4)
4344. (6, 8)
4345. (8, 7)
4346. (7, 3)
4347. (5, 8)
4348. (8, 7)
4349. (7, 6)
4350. (6, 2)
4351. (4, 8)
4352. (8, 7)
4353. (7, 6)
4354. (6, 5)
4355. (3, 8)
4356. (8, 7)
4357. (7, 6)
4358. (6, 4)
4359. (5, 8)
4360. (8, 7)
4361. (7, 6)
4362. (6, 3)
4363. (4, 8)
4364. (8, 7)
4365. (7, 6)
4366. (6, 5)
4367. (3, 8)
4368. (8, 7)
4369. (7, 6)
4370. (6, 4)
4371. (5, 8)
4372. (8, 7)
4373. (7, 6)
4374. (4, 8)
4375. (8, 7)
4376. (6, 8)
4377. (7, 6)
4378. (8, 7)
4379. (6, 8)
4380. (2, 6)
4381. (8, 5)
4382. (7, 8)
4383. (8, 4)
4384. (6, 8)
4385. (8, 7)
4386. (7, 3)
4387. (5, 8)
4388. (8, 7)
4389. (7, 6)
4390. (6, 2)
4391. (4, 8)
4392. (8, 7)
4393. (7, 6)
4394. (6, 5)
4395. (3, 8)
4396. (8, 7)
4397. (7, 6)
4398. (6, 4)
4399. (5, 8)
4400. (8, 7)
4401. (7, 6)
4402. (6, 3)
4403. (4, 8)
4404. (8, 7)
4405. (7, 6)
4406. (6, 5)
4407. (3, 8)
4408. (8, 7)
4409. (7, 6)
4410. (6, 4)
4411. (5, 8)
4412. (8, 7)
4413. (7, 6)
4414. (4, 8)
4415. (8, 7)
4416. (6, 8)
4417. (7, 6)
4418. (8, 7)
4419. (6, 8)
4420. (2, 6)
4421. (8, 5)
4422. (7, 8)
4423. (8, 4)
4424. (6, 8)
4425. (8, 7)
4426. (7, 3)
4427. (5, 8)
4428. (8, 7)
4429. (7, 6)
4430. (4, 8)
4431. (8, 7)
4432. (7, 5)
4433. (6, 8)
4434. (8, 7)
4435. (7, 4)
4436. (5, 8)
4437. (8, 7)
4438. (7, 6)
4439. (4, 8)
4440. (8, 7)
4441. (7, 5)
4442. (6, 8)
4443. (8, 7)
4444. (5, 8)
4445. (3, 5)
4446. (8, 6)
4447. (7, 8)
4448. (8, 4)
4449. (6, 8)
4450. (8, 7)
4451. (7, 3)
4452. (5, 8)
4453. (8, 7)
4454. (7, 6)
4455. (4, 8)
4456. (8, 7)
4457. (7, 5)
4458. (6, 8)
4459. (8, 7)
4460. (5, 8)
4461. (8, 6)
4462. (7, 8)
4463. (8, 5)
4464. (6, 8)
4465. (8, 7)
4466. (5, 8)
4467. (3, 6)
4468. (8, 4)
4469. (7, 8)
4470. (8, 3)
4471. (6, 8)
4472. (8, 7)
4473. (7, 5)
4474. (4, 8)
4475. (8, 7)
4476. (7, 6)
4477. (5, 8)
4478. (8, 7)
4479. (6, 8)
4480. (8, 5)
4481. (7, 8)
4482. (8, 6)
4483. (5, 8)
4484. (8, 7)
4485. (6, 8)
4486. (3, 6)
4487. (8, 5)
4488. (7, 8)
4489. (8, 4)
4490. (6, 8)
4491. (8, 7)
4492. (5, 8)
4493. (7, 6)
4494. (8, 7)
4495. (6, 8)
4496. (4, 6)
4497. (8, 5)
4498. (7, 8)
4499. (8, 4)
4500. (6, 8)
4501. (8, 7)
4502. (5, 8)
4503. (8, 6)
4504. (7, 8)
4505. (6, 7)
4506. (8, 6)
4507. (7, 8)
4508. (1, 7)
4509. (8, 5)
4510. (7, 8)
4511. (8, 3)
4512. (6, 8)
4513. (8, 7)
4514. (7, 2)
4515. (5, 8)
4516. (8, 7)
4517. (7, 6)
4518. (6, 1)
4519. (4, 8)
4520. (8, 7)
4521. (7, 6)
4522. (6, 5)
4523. (3, 8)
4524. (8, 7)
4525. (7, 6)
4526. (6, 4)
4527. (5, 8)
4528. (8, 7)
4529. (7, 6)
4530. (6, 3)
4531. (4, 8)
4532. (8, 7)
4533. (7, 6)
4534. (6, 5)
4535. (3, 8)
4536. (8, 7)
4537. (7, 6)
4538. (6, 4)
4539. (5, 8)
4540. (8, 7)
4541. (7, 6)
4542. (4, 8)
4543. (8, 7)
4544. (6, 8)
4545. (7, 6)
4546. (8, 7)
4547. (6, 8)
4548. (2, 6)
4549. (8, 5)
4550. (7, 8)
4551. (8, 4)
4552. (6, 8)
4553. (8, 7)
4554. (7, 3)
4555. (5, 8)
4556. (8, 7)
4557. (7, 6)
4558. (6, 2)
4559. (4, 8)
4560. (8, 7)
4561. (7, 6)
4562. (6, 5)
4563. (3, 8)
4564. (8, 7)
4565. (7, 6)
4566. (6, 4)
4567. (5, 8)
4568. (8, 7)
4569. (7, 6)
4570. (6, 3)
4571. (4, 8)
4572. (8, 7)
4573. (7, 6)
4574. (6, 5)
4575. (3, 8)
4576. (8, 7)
4577. (7, 6)
4578. (6, 4)
4579. (5, 8)
4580. (8, 7)
4581. (7, 6)
4582. (4, 8)
4583. (8, 7)
4584. (6, 8)
4585. (7, 6)
4586. (8, 7)
4587. (6, 8)
4588. (2, 6)
4589. (8, 5)
4590. (7, 8)
4591. (8, 4)
4592. (6, 8)
4593. (8, 7)
4594. (7, 3)
4595. (5, 8)
4596. (8, 7)
4597. (7, 6)
4598. (6, 2)
4599. (4, 8)
4600. (8, 7)
4601. (7, 6)
4602. (6, 5)
4603. (3, 8)
4604. (8, 7)
4605. (7, 6)
4606. (6, 4)
4607. (5, 8)
4608. (8, 7)
4609. (7, 6)
4610. (6, 3)
4611. (4, 8)
4612. (8, 7)
4613. (7, 6)
4614. (6, 5)
4615. (3, 8)
4616. (8, 7)
4617. (7, 6)
4618. (6, 4)
4619. (5, 8)
4620. (8, 7)
4621. (7, 6)
4622. (4, 8)
4623. (8, 7)
4624. (6, 8)
4625. (7, 6)
4626. (8, 7)
4627. (6, 8)
4628. (2, 6)
4629. (8, 5)
4630. (7, 8)
4631. (8, 4)
4632. (6, 8)
4633. (8, 7)
4634. (7, 3)
4635. (5, 8)
4636. (8, 7)
4637. (7, 6)
4638. (4, 8)
4639. (8, 7)
4640. (7, 5)
4641. (6, 8)
4642. (8, 7)
4643. (7, 4)
4644. (5, 8)
4645. (8, 7)
4646. (7, 6)
4647. (4, 8)
4648. (8, 7)
4649. (7, 5)
4650. (6, 8)
4651. (8, 7)
4652. (5, 8)
4653. (3, 5)
4654. (8, 6)
4655. (7, 8)
4656. (8, 4)
4657. (6, 8)
4658. (8, 7)
4659. (7, 3)
4660. (5, 8)
4661. (8, 7)
4662. (7, 6)
4663. (4, 8)
4664. (8, 7)
4665. (7, 5)
4666. (6, 8)
4667. (8, 7)
4668. (5, 8)
4669. (8, 6)
4670. (7, 8)
4671. (8, 5)
4672. (6, 8)
4673. (8, 7)
4674. (5, 8)
4675. (3, 6)
4676. (8, 4)
4677. (7, 8)
4678. (8, 3)
4679. (6, 8)
4680. (8, 7)
4681. (7, 5)
4682. (4, 8)
4683. (8, 7)
4684. (7, 6)
4685. (5, 8)
4686. (8, 7)
4687. (6, 8)
4688. (8, 5)
4689. (7, 8)
4690. (8, 6)
4691. (5, 8)
4692. (8, 7)
4693. (6, 8)
4694. (3, 6)
4695. (8, 5)
4696. (7, 8)
4697. (8, 4)
4698. (6, 8)
4699. (8, 7)
4700. (5, 8)
4701. (7, 6)
4702. (8, 7)
4703. (6, 8)
4704. (4, 6)
4705. (8, 5)
4706. (7, 8)
4707. (8, 4)
4708. (6, 8)
4709. (8, 7)
4710. (5, 8)
4711. (8, 6)
4712. (7, 8)
4713. (6, 7)
4714. (8, 6)
4715. (7, 8)
4716. (1, 7)
4717. (8, 5)
4718. (7, 8)
4719. (8, 3)
4720. (6, 8)
4721. (8, 7)
4722. (7, 2)
4723. (5, 8)
4724. (8, 7)
4725. (7, 6)
4726. (6, 1)
4727. (4, 8)
4728. (8, 7)
4729. (7, 6)
4730. (6, 5)
4731. (3, 8)
4732. (8, 7)
4733. (7, 6)
4734. (6, 4)
4735. (5, 8)
4736. (8, 7)
4737. (7, 6)
4738. (6, 3)
4739. (4, 8)
4740. (8, 7)
4741. (7, 6)
4742. (6, 5)
4743. (3, 8)
4744. (8, 7)
4745. (7, 6)
4746. (6, 4)
4747. (5, 8)
4748. (8, 7)
4749. (7, 6)
4750. (4, 8)
4751. (8, 7)
4752. (6, 8)
4753. (7, 6)
4754. (8, 7)
4755. (6, 8)
4756. (2, 6)
4757. (8, 5)
4758. (7, 8)
4759. (8, 4)
4760. (6, 8)
4761. (8, 7)
4762. (7, 3)
4763. (5, 8)
4764. (8, 7)
4765. (7, 6)
4766. (6, 2)
4767. (4, 8)
4768. (8, 7)
4769. (7, 6)
4770. (6, 5)
4771. (3, 8)
4772. (8, 7)
4773. (7, 6)
4774. (6, 4)
4775. (5, 8)
4776. (8, 7)
4777. (7, 6)
4778. (6, 3)
4779. (4, 8)
4780. (8, 7)
4781. (7, 6)
4782. (6, 5)
4783. (3, 8)
4784. (8, 7)
4785. (7, 6)
4786. (6, 4)
4787. (5, 8)
4788. (8, 7)
4789. (7, 6)
4790. (4, 8)
4791. (8, 7)
4792. (6, 8)
4793. (7, 6)
4794. (8, 7)
4795. (6, 8)
4796. (2, 6)
4797. (8, 5)
4798. (7, 8)
4799. (8, 4)
4800. (6, 8)
4801. (8, 7)
4802. (7, 3)
4803. (5, 8)
4804. (8, 7)
4805. (7, 6)
4806. (6, 2)
4807. (4, 8)
4808. (8, 7)
4809. (7, 6)
4810. (6, 5)
4811. (3, 8)
4812. (8, 7)
4813. (7, 6)
4814. (6, 4)
4815. (5, 8)
4816. (8, 7)
4817. (7, 6)
4818. (6, 3)
4819. (4, 8)
4820. (8, 7)
4821. (7, 6)
4822. (6, 5)
4823. (3, 8)
4824. (8, 7)
4825. (7, 6)
4826. (6, 4)
4827. (5, 8)
4828. (8, 7)
4829. (7, 6)
4830. (4, 8)
4831. (8, 7)
4832. (6, 8)
4833. (7, 6)
4834. (8, 7)
4835. (6, 8)
4836. (2, 6)
4837. (8, 5)
4838. (7, 8)
4839. (8, 4)
4840. (6, 8)
4841. (8, 7)
4842. (7, 3)
4843. (5, 8)
4844. (8, 7)
4845. (7, 6)
4846. (4, 8)
4847. (8, 7)
4848. (7, 5)
4849. (6, 8)
4850. (8, 7)
4851. (7, 4)
4852. (5, 8)
4853. (8, 7)
4854. (7, 6)
4855. (4, 8)
4856. (8, 7)
4857. (7, 5)
4858. (6, 8)
4859. (8, 7)
4860. (5, 8)
4861. (3, 5)
4862. (8, 6)
4863. (7, 8)
4864. (8, 4)
4865. (6, 8)
4866. (8, 7)
4867. (7, 3)
4868. (5, 8)
4869. (8, 7)
4870. (7, 6)
4871. (4, 8)
4872. (8, 7)
4873. (7, 5)
4874. (6, 8)
4875. (8, 7)
4876. (5, 8)
4877. (8, 6)
4878. (7, 8)
4879. (8, 5)
4880. (6, 8)
4881. (8, 7)
4882. (5, 8)
4883. (3, 6)
4884. (8, 4)
4885. (7, 8)
4886. (8, 3)
4887. (6, 8)
4888. (8, 7)
4889. (7, 5)
4890. (4, 8)
4891. (8, 7)
4892. (7, 6)
4893. (5, 8)
4894. (8, 7)
4895. (6, 8)
4896. (8, 5)
4897. (7, 8)
4898. (8, 6)
4899. (5, 8)
4900. (8, 7)
4901. (6, 8)
4902. (3, 6)
4903. (8, 5)
4904. (7, 8)
4905. (8, 4)
4906. (6, 8)
4907. (8, 7)
4908. (5, 8)
4909. (7, 6)
4910. (8, 7)
4911. (6, 8)
4912. (4, 6)
4913. (8, 5)
4914. (7, 8)
4915. (8, 4)
4916. (6, 8)
4917. (8, 7)
4918. (5, 8)
4919. (8, 6)
4920. (7, 8)
4921. (6, 7)
4922. (8, 6)
4923. (7, 8)
4924. (1, 7)
4925. (8, 5)
4926. (7, 8)
4927. (8, 3)
4928. (6, 8)
4929. (8, 7)
4930. (7, 2)
4931. (5, 8)
4932. (8, 7)
4933. (7, 6)
4934. (6, 1)
4935. (4, 8)
4936. (8, 7)
4937. (7, 6)
4938. (6, 5)
4939. (3, 8)
4940. (8, 7)
4941. (7, 6)
4942. (6, 4)
4943. (5, 8)
4944. (8, 7)
4945. (7, 6)
4946. (6, 3)
4947. (4, 8)
4948. (8, 7)
4949. (7, 6)
4950. (6, 5)
4951. (3, 8)
4952. (8, 7)
4953. (7, 6)
4954. (6, 4)
4955. (5, 8)
4956. (8, 7)
4957. (7, 6)
4958. (4, 8)
4959. (8, 7)
4960. (6, 8)
4961. (7, 6)
4962. (8, 7)
4963. (6, 8)
4964. (2, 6)
4965. (8, 5)
4966. (7, 8)
4967. (8, 4)
4968. (6, 8)
4969. (8, 7)
4970. (7, 3)
4971. (5, 8)
4972. (8, 7)
4973. (7, 6)
4974. (6, 2)
4975. (4, 8)
4976. (8, 7)
4977. (7, 6)
4978. (6, 5)
4979. (3, 8)
4980. (8, 7)
4981. (7, 6)
4982. (6, 4)
4983. (5, 8)
4984. (8, 7)
4985. (7, 6)
4986. (6, 3)
4987. (4, 8)
4988. (8, 7)
4989. (7, 6)
4990. (6, 5)
4991. (3, 8)
4992. (8, 7)
4993. (7, 6)
4994. (6, 4)
4995. (5, 8)
4996. (8, 7)
4997. (7, 6)
4998. (4, 8)
4999. (8, 7)
5000. (6, 8)
5001. (7, 6)
5002. (8, 7)
5003. (6, 8)
5004. (2, 6)
5005. (8, 5)
5006. (7, 8)
5007. (8, 4)
5008. (6, 8)
5009. (8, 7)
5010. (7, 3)
5011. (5, 8)
5012. (8, 7)
5013. (7, 6)
5014. (6, 2)
5015. (4, 8)
5016. (8, 7)
5017. (7, 6)
5018. (6, 5)
5019. (3, 8)
5020. (8, 7)
5021. (7, 6)
5022. (6, 4)
5023. (5, 8)
5024. (8, 7)
5025. (7, 6)
5026. (6, 3)
5027. (4, 8)
5028. (8, 7)
5029. (7, 6)
5030. (6, 5)
5031. (3, 8)
5032. (8, 7)
5033. (7, 6)
5034. (6, 4)
5035. (5, 8)
5036. (8, 7)
5037. (7, 6)
5038. (4, 8)
5039. (8, 7)
5040. (6, 8)
5041. (7, 6)
5042. (8, 7)
5043. (6, 8)
5044. (2, 6)
5045. (8, 5)
5046. (7, 8)
5047. (8, 4)
5048. (6, 8)
5049. (8, 7)
5050. (7, 3)
5051. (5, 8)
5052. (8, 7)
5053. (7, 6)
5054. (4, 8)
5055. (8, 7)
5056. (7, 5)
5057. (6, 8)
5058. (8, 7)
5059. (7, 4)
5060. (5, 8)
5061. (8, 7)
5062. (7, 6)
5063. (4, 8)
5064. (8, 7)
5065. (7, 5)
5066. (6, 8)
5067. (8, 7)
5068. (5, 8)
5069. (3, 5)
5070. (8, 6)
5071. (7, 8)
5072. (8, 4)
5073. (6, 8)
5074. (8, 7)
5075. (7, 3)
5076. (5, 8)
5077. (8, 7)
5078. (7, 6)
5079. (4, 8)
5080. (8, 7)
5081. (7, 5)
5082. (6, 8)
5083. (8, 7)
5084. (5, 8)
5085. (8, 6)
5086. (7, 8)
5087. (8, 5)
5088. (6, 8)
5089. (8, 7)
5090. (5, 8)
5091. (3, 6)
5092. (8, 4)
5093. (7, 8)
5094. (8, 3)
5095. (6, 8)
5096. (8, 7)
5097. (7, 5)
5098. (4, 8)
5099. (8, 7)
5100. (7, 6)
5101. (5, 8)
5102. (8, 7)
5103. (6, 8)
5104. (8, 5)
5105. (7, 8)
5106. (8, 6)
5107. (5, 8)
5108. (8, 7)
5109. (6, 8)
5110. (3, 6)
5111. (8, 5)
5112. (7, 8)
5113. (8, 4)
5114. (6, 8)
5115. (8, 7)
5116. (5, 8)
5117. (7, 6)
5118. (8, 7)
5119. (6, 8)
5120. (4, 6)
5121. (8, 5)
5122. (7, 8)
5123. (8, 4)
5124. (6, 8)
5125. (8, 7)
5126. (5, 8)
5127. (8, 6)
5128. (7, 8)
5129. (6, 7)
5130. (8, 6)
5131. (7, 8)
5132. (1, 7)
5133. (8, 5)
5134. (7, 8)
5135. (8, 3)
5136. (6, 8)
5137. (8, 7)
5138. (5, 8)
5139. (8, 6)
5140. (7, 8)
5141. (8, 5)
5142. (6, 8)
5143. (8, 7)
5144. (7, 2)
5145. (5, 8)
5146. (8, 7)
5147. (7, 6)
5148. (4, 8)
5149. (8, 7)
5150. (7, 5)
5151. (6, 8)
5152. (8, 7)
5153. (7, 4)
5154. (5, 8)
5155. (8, 7)
5156. (7, 6)
5157. (4, 8)
5158. (8, 7)
5159. (7, 5)
5160. (6, 8)
5161. (8, 7)
5162. (5, 8)
5163. (3, 6)
5164. (8, 5)
5165. (7, 8)
5166. (8, 4)
5167. (6, 8)
5168. (8, 7)
5169. (5, 8)
5170. (8, 6)
5171. (7, 8)
5172. (8, 5)
5173. (6, 8)
5174. (8, 7)
5175. (7, 3)
5176. (5, 8)
5177. (8, 7)
5178. (7, 6)
5179. (4, 8)
5180. (8, 7)
5181. (7, 5)
5182. (6, 8)
5183. (8, 7)
5184. (7, 4)
5185. (5, 8)
5186. (8, 7)
5187. (7, 6)
5188. (4, 8)
5189. (8, 7)
5190. (7, 5)
5191. (6, 8)
5192. (8, 7)
5193. (5, 8)
5194. (3, 6)
5195. (8, 5)
5196. (7, 8)
5197. (8, 3)
5198. (6, 8)
5199. (8, 7)
5200. (7, 4)
5201. (5, 8)
5202. (8, 7)
5203. (7, 6)
5204. (4, 8)
5205. (8, 7)
5206. (7, 5)
5207. (6, 8)
5208. (8, 7)
5209. (5, 8)
5210. (8, 6)
5211. (7, 8)
5212. (6, 7)
5213. (3, 6)
5214. (8, 5)
5215. (7, 8)
5216. (8, 4)
5217. (6, 8)
5218. (8, 7)
5219. (5, 8)
5220. (8, 6)
5221. (7, 8)
5222. (8, 5)
5223. (6, 8)
5224. (8, 7)
5225. (5, 8)
5226. (8, 6)
5227. (7, 8)
5228. (4, 5)
5229. (8, 7)
5230. (7, 4)
5231. (6, 8)
5232. (8, 7)
5233. (5, 8)
5234. (8, 6)
5235. (7, 8)
5236. (8, 5)
5237. (6, 8)
5238. (8, 7)
5239. (5, 8)
5240. (8, 6)
5241. (7, 8)
5242. (4, 7)
5243. (6, 5)
5244. (8, 6)
5245. (7, 8)
5246. (6, 7)
5247. (8, 6)
5248. (7, 8)
5249. (5, 4)
5250. (8, 7)
5251. (6, 8)
5252. (2, 6)
5253. (8, 5)
5254. (7, 8)
5255. (8, 3)
5256. (6, 8)
5257. (8, 7)
5258. (5, 8)
5259. (8, 6)
5260. (7, 8)
5261. (8, 5)
5262. (6, 8)
5263. (8, 7)
5264. (7, 2)
5265. (5, 8)
5266. (8, 7)
5267. (7, 6)
5268. (4, 8)
5269. (8, 7)
5270. (7, 5)
5271. (6, 8)
5272. (8, 7)
5273. (7, 4)
5274. (5, 8)
5275. (8, 7)
5276. (7, 6)
5277. (4, 8)
5278. (8, 7)
5279. (7, 5)
5280. (6, 8)
5281. (8, 7)
5282. (5, 8)
5283. (3, 6)
5284. (8, 5)
5285. (7, 8)
5286. (8, 4)
5287. (6, 8)
5288. (8, 7)
5289. (5, 8)
5290. (8, 6)
5291. (7, 8)
5292. (8, 5)
5293. (6, 8)
5294. (8, 7)
5295. (7, 3)
5296. (5, 8)
5297. (8, 7)
5298. (7, 6)
5299. (4, 8)
5300. (8, 7)
5301. (7, 5)
5302. (6, 8)
5303. (8, 7)
5304. (5, 8)
5305. (8, 6)
5306. (7, 8)
5307. (8, 5)
5308. (6, 8)
5309. (8, 7)
5310. (5, 8)
5311. (3, 6)
5312. (8, 5)
5313. (7, 8)
5314. (8, 3)
5315. (6, 8)
5316. (8, 7)
5317. (7, 4)
5318. (5, 8)
5319. (8, 7)
5320. (7, 6)
5321. (4, 8)
5322. (8, 7)
5323. (7, 5)
5324. (6, 8)
5325. (8, 7)
5326. (7, 4)
5327. (5, 8)
5328. (8, 7)
5329. (7, 6)
5330. (4, 8)
5331. (8, 7)
5332. (6, 8)
5333. (3, 6)
5334. (8, 5)
5335. (7, 8)
5336. (8, 4)
5337. (6, 8)
5338. (8, 7)
5339. (5, 8)
5340. (8, 6)
5341. (7, 8)
5342. (8, 5)
5343. (6, 8)
5344. (8, 7)
5345. (5, 8)
5346. (8, 6)
5347. (7, 8)
5348. (4, 5)
5349. (8, 7)
5350. (7, 4)
5351. (6, 8)
5352. (8, 7)
5353. (5, 8)
5354. (8, 6)
5355. (7, 8)
5356. (8, 5)
5357. (6, 8)
5358. (8, 7)
5359. (5, 8)
5360. (8, 6)
5361. (7, 8)
5362. (4, 7)
5363. (6, 5)
5364. (8, 6)
5365. (7, 8)
5366. (6, 7)
5367. (8, 6)
5368. (7, 8)
5369. (2, 7)
5370. (8, 4)
5371. (7, 8)
5372. (8, 3)
5373. (6, 8)
5374. (8, 7)
5375. (5, 8)
5376. (8, 6)
5377. (7, 8)
5378. (8, 5)
5379. (6, 8)
5380. (8, 7)
5381. (7, 2)
5382. (5, 8)
5383. (8, 7)
5384. (7, 6)
5385. (4, 8)
5386. (8, 7)
5387. (7, 5)
5388. (6, 8)
5389. (8, 7)
5390. (7, 4)
5391. (5, 8)
5392. (8, 7)
5393. (7, 6)
5394. (4, 8)
5395. (8, 7)
5396. (7, 5)
5397. (6, 8)
5398. (8, 7)
5399. (5, 8)
5400. (3, 6)
5401. (8, 5)
5402. (7, 8)
5403. (8, 4)
5404. (6, 8)
5405. (8, 7)
5406. (5, 8)
5407. (8, 6)
5408. (7, 8)
5409. (8, 5)
5410. (6, 8)
5411. (8, 7)
5412. (7, 3)
5413. (5, 8)
5414. (8, 7)
5415. (7, 6)
5416. (4, 8)
5417. (8, 7)
5418. (7, 5)
5419. (6, 8)
5420. (8, 7)
5421. (7, 4)
5422. (5, 8)
5423. (8, 7)
5424. (7, 6)
5425. (4, 8)
5426. (8, 7)
5427. (7, 5)
5428. (6, 8)
5429. (8, 7)
5430. (5, 8)
5431. (3, 6)
5432. (8, 5)
5433. (7, 8)
5434. (8, 3)
5435. (6, 8)
5436. (8, 7)
5437. (5, 8)
5438. (8, 6)
5439. (7, 8)
5440. (8, 5)
5441. (6, 8)
5442. (8, 7)
5443. (7, 4)
5444. (5, 8)
5445. (8, 7)
5446. (7, 6)
5447. (4, 8)
5448. (8, 7)
5449. (6, 8)
5450. (3, 6)
5451. (8, 5)
5452. (7, 8)
5453. (8, 4)
5454. (6, 8)
5455. (8, 7)
5456. (5, 8)
5457. (8, 6)
5458. (7, 8)
5459. (8, 5)
5460. (6, 8)
5461. (8, 7)
5462. (5, 8)
5463. (8, 6)
5464. (7, 8)
5465. (4, 5)
5466. (8, 7)
5467. (7, 4)
5468. (6, 8)
5469. (8, 7)
5470. (5, 8)
5471. (8, 6)
5472. (7, 8)
5473. (8, 5)
5474. (6, 8)
5475. (8, 7)
5476. (5, 8)
5477. (8, 6)
5478. (7, 8)
5479. (4, 7)
5480. (6, 5)
5481. (8, 6)
5482. (7, 8)
5483. (6, 7)
5484. (8, 6)
5485. (7, 8)
5486. (2, 7)
5487. (8, 3)
5488. (7, 8)
5489. (6, 7)
5490. (8, 6)
5491. (7, 8)
5492. (8, 4)
5493. (6, 8)
5494. (8, 7)
5495. (5, 8)
5496. (8, 6)
5497. (7, 8)
5498. (8, 5)
5499. (6, 8)
5500. (8, 7)
5501. (7, 2)
5502. (5, 8)
5503. (8, 7)
5504. (7, 6)
5505. (4, 8)
5506. (8, 7)
5507. (6, 8)
5508. (8, 5)
5509. (7, 8)
5510. (8, 6)
5511. (5, 8)
5512. (8, 7)
5513. (6, 8)
5514. (3, 6)
5515. (8, 5)
5516. (7, 8)
5517. (8, 4)
5518. (6, 8)
5519. (8, 7)
5520. (5, 8)
5521. (8, 6)
5522. (7, 8)
5523. (8, 5)
5524. (6, 8)
5525. (8, 7)
5526. (7, 3)
5527. (5, 8)
5528. (8, 7)
5529. (7, 6)
5530. (4, 8)
5531. (8, 7)
5532. (7, 5)
5533. (6, 8)
5534. (8, 7)
5535. (7, 4)
5536. (5, 8)
5537. (8, 7)
5538. (7, 6)
5539. (4, 8)
5540. (8, 7)
5541. (7, 5)
5542. (6, 8)
5543. (8, 7)
5544. (5, 8)
5545. (3, 6)
5546. (8, 5)
5547. (7, 8)
5548. (8, 3)
5549. (6, 8)
5550. (8, 7)
5551. (7, 4)
5552. (5, 8)
5553. (8, 7)
5554. (7, 6)
5555. (4, 8)
5556. (8, 7)
5557. (7, 5)
5558. (6, 8)
5559. (8, 7)
5560. (7, 4)
5561. (5, 8)
5562. (8, 7)
5563. (7, 6)
5564. (4, 8)
5565. (8, 7)
5566. (6, 8)
5567. (3, 6)
5568. (8, 5)
5569. (7, 8)
5570. (8, 4)
5571. (6, 8)
5572. (8, 7)
5573. (5, 8)
5574. (8, 6)
5575. (7, 8)
5576. (8, 5)
5577. (6, 8)
5578. (8, 7)
5579. (5, 8)
5580. (8, 6)
5581. (7, 8)
5582. (4, 5)
5583. (8, 7)
5584. (7, 4)
5585. (6, 8)
5586. (8, 7)
5587. (5, 8)
5588. (8, 6)
5589. (7, 8)
5590. (8, 5)
5591. (6, 8)
5592. (8, 7)
5593. (5, 8)
5594. (8, 6)
5595. (7, 8)
5596. (4, 7)
5597. (6, 5)
5598. (8, 6)
5599. (7, 8)
5600. (6, 7)
5601. (8, 6)
5602. (7, 8)
5603. (2, 7)
5604. (8, 4)
5605. (7, 8)
5606. (8, 3)
5607. (6, 8)
5608. (8, 7)
5609. (5, 8)
5610. (8, 6)
5611. (7, 8)
5612. (8, 5)
5613. (6, 8)
5614. (8, 7)
5615. (5, 8)
5616. (8, 6)
5617. (7, 8)
5618. (4, 7)
5619. (8, 5)
5620. (7, 8)
5621. (6, 7)
5622. (8, 6)
5623. (7, 8)
5624. (8, 4)
5625. (6, 8)
5626. (8, 7)
5627. (5, 8)
5628. (8, 6)
5629. (7, 8)
5630. (6, 7)
5631. (8, 6)
5632. (7, 8)
5633. (4, 7)
5634. (7, 5)
5635. (8, 7)
5636. (6, 8)
5637. (7, 6)
5638. (8, 7)
5639. (6, 8)
5640. (5, 2)
5641. (3, 6)
5642. (6, 5)
5643. (2, 6)
5644. (8, 4)
5645. (7, 8)
5646. (6, 7)
5647. (8, 6)
5648. (7, 8)
5649. (8, 3)
5650. (6, 8)
5651. (8, 7)
5652. (5, 8)
5653. (8, 6)
5654. (7, 8)
5655. (8, 5)
5656. (6, 8)
5657. (8, 7)
5658. (5, 8)
5659. (8, 6)
5660. (7, 8)
5661. (4, 7)
5662. (8, 5)
5663. (7, 8)
5664. (6, 7)
5665. (8, 6)
5666. (7, 8)
5667. (8, 4)
5668. (6, 8)
5669. (8, 7)
5670. (5, 8)
5671. (8, 6)
5672. (7, 8)
5673. (8, 5)
5674. (6, 8)
5675. (8, 7)
5676. (5, 8)
5677. (8, 6)
5678. (7, 8)
5679. (4, 7)
5680. (8, 4)
5681. (7, 8)
5682. (8, 5)
5683. (6, 8)
5684. (8, 7)
5685. (5, 8)
5686. (8, 6)
5687. (7, 8)
5688. (6, 7)
5689. (4, 6)
5690. (8, 5)
5691. (7, 8)
5692. (6, 7)
5693. (8, 6)
5694. (7, 8)
5695. (6, 7)
5696. (5, 2)
5697. (3, 6)
5698. (6, 5)
5699. (2, 6)
5700. (8, 4)
5701. (7, 8)
5702. (6, 7)
5703. (8, 6)
5704. (7, 8)
5705. (8, 3)
5706. (6, 8)
5707. (8, 7)
5708. (5, 8)
5709. (8, 6)
5710. (7, 8)
5711. (8, 5)
5712. (6, 8)
5713. (8, 7)
5714. (5, 8)
5715. (8, 6)
5716. (7, 8)
5717. (4, 7)
5718. (8, 5)
5719. (7, 8)
5720. (6, 7)
5721. (8, 6)
5722. (7, 8)
5723. (8, 4)
5724. (6, 8)
5725. (8, 7)
5726. (5, 8)
5727. (8, 6)
5728. (7, 8)
5729. (6, 7)
5730. (8, 6)
5731. (7, 8)
5732. (4, 7)
5733. (8, 4)
5734. (7, 8)
5735. (8, 5)
5736. (6, 8)
5737. (8, 7)
5738. (5, 8)
5739. (8, 6)
5740. (7, 8)
5741. (8, 5)
5742. (6, 8)
5743. (8, 7)
5744. (5, 8)
5745. (4, 6)
5746. (8, 5)
5747. (7, 8)
5748. (6, 7)
5749. (8, 6)
5750. (7, 8)
5751. (6, 7)
5752. (3, 6)
5753. (8, 4)
5754. (7, 8)
5755. (6, 7)
5756. (8, 6)
5757. (7, 8)
5758. (6, 7)
5759. (5, 6)
5760. (8, 5)
5761. (7, 8)
5762. (6, 7)
5763. (8, 6)
5764. (7, 8)
5765. (6, 7)
5766. (5, 6)
5767. (7, 3)
5768. (8, 7)
5769. (6, 8)
5770. (4, 6)
5771. (8, 5)
5772. (7, 8)
5773. (6, 7)
5774. (8, 6)
5775. (7, 8)
5776. (6, 7)
5777. (5, 6)
5778. (8, 5)
5779. (7, 8)
5780. (6, 7)
5781. (8, 6)
5782. (7, 8)
5783. (6, 7)
5784. (5, 2)
5785. (3, 6)
5786. (6, 5)
5787. (2, 6)
5788. (8, 3)
5789. (7, 8)
5790. (6, 7)
5791. (8, 6)
5792. (7, 8)
5793. (6, 7)
5794. (3, 6)
5795. (8, 3)
5796. (7, 8)
5797. (6, 7)
5798. (8, 6)
5799. (7, 8)
5800. (6, 7)
5801. (5, 6)
5802. (3, 5)
5803. (8, 4)
5804. (7, 8)
5805. (6, 7)
5806. (5, 6)
5807. (8, 3)
5808. (7, 8)
5809. (4, 7)
5810. (8, 5)
5811. (7, 8)
5812. (6, 7)
5813. (8, 6)
5814. (7, 8)
5815. (6, 7)
5816. (5, 6)
5817. (6, 1)
5818. (3, 5)
5819. (1, 6)
5820. (6, 4)
5821. (7, 6)
5822. (8, 7)
5823. (6, 8)
5824. (5, 6)
5825. (8, 5)
5826. (7, 8)
5827. (6, 7)
5828. (5, 6)
5829. (8, 5)
5830. (7, 8)
5831. (6, 7)
5832. (8, 6)
5833. (7, 8)
5834. (6, 7)
5835. (5, 6)
5836. (7, 1)
5837. (8, 7)
5838. (6, 8)
5839. (7, 6)
5840. (8, 7)
5841. (6, 8)
5842. (4, 5)
5843. (1, 6)
5844. (8, 4)
5845. (7, 8)
5846. (6, 7)
5847. (5, 6)
5848. (8, 1)
5849. (7, 8)
5850. (6, 7)
5851. (8, 6)
5852. (7, 8)
5853. (6, 7)
5854. (4, 5)
5855. (0, 7)
5856. (8, 7)
5857. (7, 6)
5858. (6, 4)
5859. (5, 8)
5860. (8, 7)
5861. (7, 6)
5862. (6, 3)
5863. (4, 8)
5864. (8, 7)
5865. (7, 6)
5866. (6, 5)
5867. (5, 2)
5868. (3, 8)
5869. (8, 7)
5870. (7, 6)
5871. (6, 5)
5872. (5, 4)
5873. (2, 8)
5874. (8, 7)
5875. (7, 6)
5876. (6, 5)
5877. (5, 3)
5878. (4, 8)
5879. (8, 7)
5880. (7, 6)
5881. (6, 5)
5882. (5, 2)
5883. (3, 8)
5884. (8, 7)
5885. (7, 6)
5886. (6, 5)
5887. (5, 4)
5888. (1, 8)
5889. (8, 7)
5890. (7, 6)
5891. (6, 5)
5892. (5, 3)
5893. (4, 8)
5894. (8, 7)
5895. (7, 6)
5896. (6, 5)
5897. (5, 1)
5898. (3, 8)
5899. (8, 7)
5900. (7, 6)
5901. (6, 5)
5902. (5, 4)
5903. (2, 8)
5904. (8, 7)
5905. (7, 6)
5906. (6, 5)
5907. (5, 3)
5908. (4, 8)
5909. (8, 7)
5910. (7, 6)
5911. (6, 5)
5912. (5, 2)
5913. (3, 8)
5914. (8, 7)
5915. (7, 6)
5916. (6, 5)
5917. (5, 4)
5918. (2, 8)
5919. (8, 7)
5920. (7, 6)
5921. (6, 5)
5922. (5, 3)
5923. (4, 8)
5924. (8, 7)
5925. (7, 6)
5926. (6, 5)
5927. (3, 8)
5928. (8, 7)
5929. (7, 6)
5930. (5, 8)
5931. (8, 7)
5932. (6, 8)
5933. (8, 5)
5934. (7, 8)
5935. (8, 6)
5936. (5, 8)
5937. (8, 7)
5938. (6, 8)
5939. (1, 6)
5940. (8, 5)
5941. (7, 8)
5942. (8, 4)
5943. (6, 8)
5944. (8, 7)
5945. (7, 3)
5946. (5, 8)
5947. (8, 7)
5948. (7, 6)
5949. (6, 2)
5950. (4, 8)
5951. (8, 7)
5952. (7, 6)
5953. (6, 5)
5954. (3, 8)
5955. (8, 7)
5956. (7, 6)
5957. (5, 8)
5958. (8, 7)
5959. (7, 4)
5960. (6, 8)
5961. (8, 7)
5962. (7, 5)
5963. (4, 8)
5964. (8, 7)
5965. (7, 6)
5966. (5, 8)
5967. (8, 7)
5968. (6, 8)
5969. (2, 6)
5970. (8, 5)
5971. (7, 8)
5972. (8, 4)
5973. (6, 8)
5974. (8, 7)
5975. (7, 3)
5976. (5, 8)
5977. (8, 7)
5978. (7, 6)
5979. (6, 2)
5980. (4, 8)
5981. (8, 7)
5982. (7, 6)
5983. (6, 5)
5984. (3, 8)
5985. (8, 7)
5986. (7, 6)
5987. (6, 4)
5988. (5, 8)
5989. (8, 7)
5990. (7, 6)
5991. (6, 3)
5992. (4, 8)
5993. (8, 7)
5994. (7, 6)
5995. (6, 5)
5996. (5, 1)
5997. (3, 8)
5998. (8, 7)
5999. (7, 6)
6000. (6, 5)
6001. (5, 4)
6002. (2, 8)
6003. (8, 7)
6004. (7, 6)
6005. (6, 5)
6006. (5, 3)
6007. (4, 8)
6008. (8, 7)
6009. (7, 6)
6010. (6, 5)
6011. (5, 2)
6012. (3, 8)
6013. (8, 7)
6014. (7, 6)
6015. (6, 5)
6016. (5, 4)
6017. (2, 8)
6018. (8, 7)
6019. (7, 6)
6020. (6, 5)
6021. (5, 3)
6022. (4, 8)
6023. (8, 7)
6024. (7, 6)
6025. (6, 5)
6026. (3, 8)
6027. (8, 7)
6028. (7, 6)
6029. (5, 8)
6030. (8, 7)
6031. (6, 8)
6032. (8, 5)
6033. (7, 8)
6034. (8, 6)
6035. (5, 8)
6036. (8, 7)
6037. (6, 8)
6038. (1, 5)
6039. (8, 6)
6040. (7, 8)
6041. (8, 4)
6042. (6, 8)
6043. (8, 7)
6044. (7, 3)
6045. (5, 8)
6046. (8, 7)
6047. (7, 6)
6048. (4, 8)
6049. (8, 7)
6050. (7, 5)
6051. (6, 8)
6052. (8, 7)
6053. (7, 4)
6054. (5, 8)
6055. (8, 7)
6056. (7, 6)
6057. (6, 2)
6058. (4, 8)
6059. (8, 7)
6060. (7, 6)
6061. (6, 5)
6062. (3, 8)
6063. (8, 7)
6064. (7, 6)
6065. (6, 4)
6066. (5, 8)
6067. (8, 7)
6068. (7, 6)
6069. (6, 3)
6070. (4, 8)
6071. (8, 7)
6072. (7, 6)
6073. (6, 5)
6074. (3, 8)
6075. (8, 7)
6076. (7, 6)
6077. (6, 4)
6078. (5, 8)
6079. (8, 7)
6080. (7, 6)
6081. (4, 8)
6082. (8, 7)
6083. (6, 8)
6084. (7, 6)
6085. (8, 7)
6086. (6, 8)
6087. (2, 5)
6088. (8, 6)
6089. (7, 8)
6090. (8, 4)
6091. (6, 8)
6092. (8, 7)
6093. (7, 3)
6094. (5, 8)
6095. (8, 7)
6096. (7, 6)
6097. (4, 8)
6098. (8, 7)
6099. (7, 5)
6100. (6, 8)
6101. (8, 7)
6102. (5, 8)
6103. (8, 6)
6104. (7, 8)
6105. (8, 5)
6106. (6, 8)
6107. (8, 7)
6108. (5, 8)
6109. (3, 6)
6110. (8, 4)
6111. (7, 8)
6112. (8, 2)
6113. (6, 8)
6114. (8, 7)
6115. (7, 5)
6116. (4, 8)
6117. (8, 7)
6118. (7, 6)
6119. (5, 8)
6120. (8, 7)
6121. (6, 8)
6122. (7, 6)
6123. (8, 7)
6124. (6, 8)
6125. (2, 6)
6126. (8, 4)
6127. (7, 8)
6128. (8, 5)
6129. (6, 8)
6130. (8, 7)
6131. (5, 8)
6132. (8, 6)
6133. (7, 8)
6134. (8, 5)
6135. (6, 8)
6136. (8, 7)
6137. (7, 3)
6138. (5, 8)
6139. (8, 7)
6140. (7, 6)
6141. (4, 8)
6142. (8, 7)
6143. (7, 5)
6144. (6, 8)
6145. (8, 7)
6146. (5, 8)
6147. (8, 6)
6148. (7, 8)
6149. (8, 5)
6150. (6, 8)
6151. (8, 7)
6152. (5, 8)
6153. (3, 6)
6154. (8, 5)
6155. (7, 8)
6156. (6, 7)
6157. (5, 4)
6158. (8, 6)
6159. (7, 8)
6160. (6, 7)
6161. (8, 6)
6162. (7, 8)
6163. (4, 3)
6164. (8, 7)
6165. (7, 5)
6166. (6, 8)
6167. (8, 7)
6168. (5, 8)
6169. (3, 1)
6170. (8, 6)
6171. (7, 8)
6172. (8, 5)
6173. (6, 8)
6174. (8, 7)
6175. (5, 8)
6176. (8, 6)
6177. (7, 8)
6178. (0, 7)
6179. (8, 5)
6180. (7, 8)
6181. (8, 6)
6182. (5, 8)
6183. (8, 7)
6184. (7, 6)
6185. (6, 4)
6186. (4, 3)
6187. (3, 2)
6188. (1, 8)
6189. (8, 7)
6190. (7, 6)
6191. (6, 5)
6192. (5, 4)
6193. (4, 3)
6194. (2, 8)
6195. (8, 7)
6196. (7, 6)
6197. (6, 5)
6198. (5, 4)
6199. (4, 1)
6200. (3, 8)
6201. (8, 7)
6202. (7, 6)
6203. (6, 5)
6204. (5, 4)
6205. (4, 2)
6206. (1, 8)
6207. (8, 7)
6208. (7, 6)
6209. (6, 5)
6210. (5, 4)
6211. (4, 3)
6212. (2, 8)
6213. (8, 7)
6214. (7, 6)
6215. (6, 5)
6216. (5, 4)
6217. (3, 8)
6218. (8, 7)
6219. (7, 6)
6220. (6, 5)
6221. (4, 8)
6222. (8, 7)
6223. (7, 6)
6224. (5, 8)
6225. (8, 7)
6226. (7, 4)
6227. (6, 8)
6228. (8, 7)
6229. (7, 5)
6230. (4, 8)
6231. (8, 7)
6232. (7, 6)
6233. (5, 8)
6234. (8, 7)
6235. (6, 8)
6236. (0, 8)
6237. (7, 8)
6238. (8, 6)
6239. (6, 5)
6240. (5, 4)
6241. (4, 3)
6242. (3, 2)
6243. (2, 1)
6244. (1, 0)
6245. None